0,0125663706143592 392,541707556259
0,0167271421555684 453,001132502378
0,0208879136967776 505,689001263717
0,0250486852379868 553,633217992526
0,0292094567791961 596,569724085906
0,0333702283204053 636,942675158599
0,0375309998616145 674,536256323103
0,0416917714028237 709,849157053416
0,045852542944033 743,494423791078
0,0500133144852422 775,193798448837
0,0541740860264514 805,639476333535
0,0583348575676606 835,073068892693
0,0624956291088699 862,998921250485
0,0666564006500791 889,877641823359
0,0708171721912883 916,38029782268
0,0749779437324975 941,176470587294
0,0791387152737068 965,018094088299
0,083299486814916 988,875154510754
0,0874602583561252 1012,65822784709
0,0916210298973344 1034,92884864062
0,0957818014385436 1056,80317040845
0,0999425729797529 1081,08108111763
0,104103344520962 1095,89041095902
0,108264116062171 1118,88111888124
0,112424887603381 1142,85714285727
0,11658565914459 1159,4202898552
0,120746430685799 1176,47058823542
0,124907202227008 1194,0298507464
0,129067973768217 1212,12121212135
0,133228745309427 1230,76923076937
0,137389516850636 1250,00000000014
0,141550288391845 1269,84126984141
0,145711059933054 1280,00000000014
0,149871831474264 1300,81300813022
0,154032603015473 1311,47540983621
0,158193374556682 1333,33333333348
0,162354146097891 1344,5378151262
0,1665149176391 1355,93220338998
0,17067568918031 1379,31034482774
0,174836460721519 1391,30434782624
0,178997232262728 1403,50877192998
0,183158003803937 1428,57142857159
0,187318775345147 1441,44144144159
0,191479546886356 1454,54545454561
0,195640318427565 1467,88990825704
0,199801089968774 1481,48148148164
0,203961861509983 1495,3271028039
0,208122633051193 1495,3271028039
0,212283404592402 1509,43396226432
0,216444176133611 1523,80952380969
0,22060494767482 1538,46153846171
0,22476571921603 1553,3980582526
0,228926490757239 1553,3980582526
0,233087262298448 1584,15841584176
0,237248033839657 1584,15841584176
0,241408805380866 1600,00000000018
0,245569576922076 1600,00000000018
0,249730348463285 1632,65306122467
0,253891120004494 1632,65306122467
0,258051891545703 1649,48453608266
0,262212663086913 1649,48453608266
0,266373434628122 1666,66666666685
0,270534206169331 1666,66666666685
0,27469497771054 1702,12765957466
0,27885574925175 1702,12765957466
0,283016520792959 1702,12765957466
0,287177292334168 1720,43010752707
0,291338063875377 1720,43010752707
0,295498835416586 1739,1304347828
0,299659606957796 1749,40961475119
0,303820378499005 1758,24175824195
0,307981150040214 1777,77777777797
0,312141921581423 1784,19836796668
0,316302693122632 1777,77777777797
0,320463464663842 1797,99649507497
0,324624236205051 1809,78773351989
0,32878500774626 1818,18181818202
0,332945779287469 1825,6615102446
0,337106550828679 1833,21216533632
0,341267322369888 1843,63392377338
0,345428093911097 1853,80295999222
0,349588865452306 1861,24540049943
0,353749636993516 1871,32541257903
0,357910408534725 1882,35294117668
0,362071180075934 1887,01097910535
0,366231951617143 1895,43154905465
0,370392723158352 1903,77169685939
0,374553494699562 1913,73788588533
0,378714266240771 1921,08343230744
0,38287503778198 1928,31462897108
0,387035809323189 1937,97573277118
0,391196580864399 1944,29297994002
0,395357352405608 1952,17033086562
0,399518123946817 1959,97533387978
0,403678895488026 1967,70705860026
0,407839667029235 1975,37084858932
0,412000438570445 1982,96296200619
0,416161210111654 1990,48814506986
0,420321981652863 1998,53732714662
0,424482753194072 2005,33522866406
0,428643524735282 2012,66134837626
0,432804296276491 2019,92259572345
0,4369650678177 2027,11879938069
0,441125839358909 2034,25206622876
0,445286610900118 2041,32608781695
0,449447382441328 2048,33665677107
0,453608153982537 2054,98191779117
0,457768925523746 2062,62687849671
0,461929697064955 2069,4372418989
0,466090468606165 2075,79037591979
0,470251240147374 2082,50821256183
0,474412011688583 2089,17174086657
0,478572783229792 2095,77942166554
0,482733554771001 2102,33203822665
0,486894326312211 2108,83022869254
0,49105509785342 2114,92448335155
0,495215869394629 2121,67037394907
0,499376640935838 2128,00952744095
0,503537412477048 2134,29941781041
0,507698184018257 2140,53845034629
0,511858955559466 2146,72626461767
0,516019727100675 2152,8678860343
0,520180498641884 2158,95848696301
0,524341270183094 2165,00056675697
0,528502041724303 2170,99596298521
0,532662813265512 2176,9449212078
0,536823584806721 2182,84651482875
0,540984356347931 2188,70200688975
0,54514512788914 2194,51270658446
0,549305899430349 2200,27745671826
0,553466670971558 2206,0016509367
0,557627442512768 2211,6771046934
0,561788214053977 2217,31162380202
0,565948985595186 2222,90414091022
0,570109757136395 2228,4536504245
0,574270528677604 2233,96010851121
0,578431300218814 2239,42794307948
0,582592071760023 2244,85412815564
0,586752843301232 2250,23861530433
0,590913614842441 2255,5832457809
0,595074386383651 2260,89048310418
0,59923515792486 2266,1553731039
0,603395929466069 2271,38529224596
0,607556701007278 2276,57373678572
0,611717472548487 2281,72554616839
0,615878244089697 2286,83997376956
0,620039015630906 2291,91707594569
0,624199787172115 2296,95887104523
0,628360558713324 2301,96346619922
0,632521330254534 2306,9310515514
0,636682101795743 2311,86458780381
0,640842873336952 2316,76343499706
0,645003644878161 2321,62698974015
0,64916441641937 2326,45581743536
0,65332518796058 2331,25129179873
0,657485959501789 2336,01400160549
0,661646731042998 2340,74079816186
0,665807502584207 2345,43573528772
0,669968274125417 2350,09828596219
0,674129045666626 2354,72795334318
0,678289817207835 2359,32692601841
0,682450588749044 2363,89132003396
0,686611360290253 2368,4279033143
0,690772131831463 2372,93248679761
0,694932903372672 2377,40478805188
0,699093674913881 2381,84719757272
0,70325444645509 2386,25929756871
0,7074152179963 2390,6417297288
0,711575989537509 2394,99378763824
0,715736761078718 2399,3189314019
0,719897532619927 2403,61147744312
0,724058304161136 2407,87606544581
0,728219075702346 2412,11333540509
0,732379847243555 2416,32292807622
0,736540618784764 2420,50450465415
0,740701390325973 2424,65774631059
0,744862161867183 2428,78412406085
0,749022933408392 2432,88138470937
0,753183704949601 2436,95438187235
0,75734447649081 2440,99905305311
0,761505248032019 2445,01647075054
0,765666019573229 2449,00857674391
0,769826791114438 2452,97508922217
0,773987562655647 2456,91574268704
0,778148334196856 2460,83001582152
0,782309105738066 2464,71966804352
0,786469877279275 2468,58428558922
0,790630648820484 2472,42308435223
0,794791420361693 2476,23927834643
0,798952191902902 2480,03083925846
0,803112963444112 2483,79650068048
0,807273734985321 2487,53879285784
0,81143450652653 2491,25750162409
0,815595278067739 2494,95057306441
0,819756049608949 2498,62285205956
0,823916821150158 2502,27096204459
0,828077592691367 2505,89686237747
0,832238364232576 2509,49983920091
0,836399135773786 2513,07803615426
0,840559907314995 2516,6363895875
0,844720678856204 2520,17230942465
0,848881450397413 2523,68563169432
0,853042221938622 2527,17620303828
0,857202993479832 2530,64659162944
0,861363765021041 2534,095785709
0,86552453656225 2537,5230746163
0,869685308103459 2540,92874783092
0,873846079644669 2544,31311282616
0,878006851185878 2547,67775226725
0,882167622727087 2551,0224127776
0,886328394268296 2554,34568390041
0,890489165809505 2557,64758574992
0,894649937350715 2560,93019572311
0,898810708891924 2564,19338527116
0,902971480433133 2567,43703384802
0,907132251974342 2570,66102881304
0,911293023515552 2573,86296715304
0,915453795056761 2577,04840941382
0,91961456659797 2580,21389072999
0,923775338139179 2583,360216343
0,927936109680388 2586,48850382398
0,932096881221598 2589,59564063257
0,936257652762807 2592,68648812024
0,940418424304016 2595,75899687174
0,944579195845225 2598,81307537016
0,948739967386435 2601,84863854436
0,952900738927644 2604,86560756442
0,957061510468853 2607,8639097482
0,961222282010062 2610,84569833285
0,965383053551271 2613,81097026249
0,969543825092481 2616,75801243509
0,97370459663369 2619,68678502973
0,977865368174899 2622,59919753246
0,982026139716108 2625,49436114885
0,986186911257318 2628,3732625299
0,990347682798527 2631,23316879389
0,994508454339736 2634,07840970653
0,998669225880945 2636,90718631396
1,00282999742215 2639,71943725853
1,00699076896336 2642,51510597514
1,01115154050457 2645,29414059867
1,01531231204578 2648,05649385391
1,01947308358699 2650,80253780166
1,0236338551282 2653,53520871224
1,02779462666941 2656,25195059077
1,03195539821062 2658,95033905099
1,03611616975183 2661,6359214724
1,04027694129304 2664,30472813074
1,04443771283425 2666,95898140441
1,04859848437546 2669,59801094355
1,05275925591667 2672,22113859621
1,05692002745787 2674,82988474732
1,06108079899908 2677,42434541585
1,06524157054029 2680,00413870592
1,0694023420815 2682,56922812937
1,07356311362271 2685,11958069338
1,07772388516392 2687,65516675862
1,08188465670513 2690,17596009015
1,08604542824634 2692,68193764398
1,09020619978755 2695,17519816253
1,09436697132876 2697,65557500084
1,09852774286997 2700,12076998621
1,10268851441118 2702,57121532833
1,10684928595239 2705,00988352267
1,11101005749359 2707,43307026921
1,1151708290348 2709,84405957981
1,11933160057601 2712,24093793971
1,12349237211722 2714,62497900612
1,12765314365843 2716,9946610797
1,13181391519964 2719,35225770911
1,13597468674085 2721,69694841771
1,14013545828206 2724,02871275232
1,14429622982327 2726,34753278049
1,14845700136448 2728,65339300576
1,15261777290569 2730,9462803511
1,1567785444469 2733,22618407874
1,1609393159881 2735,49309576256
1,16510008752931 2737,74700922
1,16926085907052 2739,9903298805
1,17342163061173 2742,22227931576
1,17758240215294 2744,43994008857
1,18174317369415 2746,64572904708
1,18590394523536 2748,84116359569
1,19006471677657 2751,02210117204
1,19422548831778 2753,19335622456
1,19838625985899 2755,35290746583
1,2025470314002 2757,49814015051
1,20670780294141 2759,63330086549
1,21086857448262 2761,7569156795
1,21502934602383 2763,8694811528
1,21919011756503 2765,96910341879
1,22335088910624 2768,05810559457
1,22751166064745 2770,13784487728
1,23167243218866 2772,20478926144
1,23583320372987 2774,26042703299
1,23999397527108 2776,30481852746
1,24415474681229 2778,33794806162
1,2483155183535 2780,3607988717
1,25247628989471 2782,37102242322
1,25663706143592 2784,37296977471
