  ВЫЧИСЛЕНИЕ ЗНАЧЕНИЙ ФУНКЦИИ Arth(x)
  с точностью eps =  0.000001000

  x[i]      f(x[i])        Погрешность   Количество
                                         слагаемых
 -0.900     -1.4722148     0.0000008750      45
 -0.600     -0.6931467     0.0000003291      12
 -0.300     -0.3095194     0.0000001587       6
  0.000      0.0000000     0.0000000000       1
  0.100      0.1003353     0.0000000143       4
  0.300      0.3095194     0.0000001587       6
  0.500      0.5493056     0.0000004340       9
  0.700      0.8672996     0.0000004821      16
  0.930      1.6583838     0.0000008411      63
  0.970      2.0922815     0.0000008675     136
  0.990      2.6466086     0.0000008807     361

  ВЫЧИСЛЕНИЕ ЗНАЧЕНИЙ ФУНКЦИИ ln(1+x)
  с точностью eps =  0.000001000

  x[i]      f(x[i])        Погрешность   Количество
                                         слагаемых
 -0.900     -2.3025761     0.0000008707      89
 -0.600     -0.9162894     0.0000005634      22
 -0.300     -0.3566741     0.0000005690      10
  0.000      0.0000000     0.0000000000       1
  0.100      0.0953103     0.0000001689       6
  0.300      0.2623647     0.0000006034      10
  0.500      0.4054658     0.0000009731      16
  0.700      0.5306287     0.0000007616      30
  0.930      0.6575205     0.0000010003     124
  0.970      0.6780341     0.0000009949     270
  0.990      0.6881341     0.0000009893     721

  ВЫЧИСЛЕНИЕ ЗНАЧЕНИЙ ФУНКЦИИ sin(x)
  с точностью eps =  0.000001000

  x[i]      f(x[i])        Погрешность   Количество
                                         слагаемых
 -0.900     -0.7833269     0.0000000126       6
 -0.600     -0.5646425     0.0000000335       5
 -0.300     -0.2955203     0.0000000454       4
  0.000      0.0000000     0.0000000000       1
  0.100      0.0998333     0.0000000837       3
  0.300      0.2955203     0.0000000454       4
  0.500      0.4794255     0.0000000061       5
  0.700      0.6442176     0.0000001447       5
  0.930      0.8016200     0.0000000188       6
  0.970      0.8248857     0.0000000315       6
  0.990      0.8360260     0.0000000406       6

  ВЫЧИСЛЕНИЕ ЗНАЧЕНИЙ ФУНКЦИИ arcsin(x)
  с точностью eps =  0.000001000

  x[i]      f(x[i])        Погрешность   Количество
                                         слагаемых
 -0.900     -1.1197660     0.0000014923      35
 -0.600     -0.6435009     0.0000002151      10
 -0.300     -0.3046926     0.0000000407       5
  0.000      0.0000000     0.0000000000       1
  0.100      0.1001674     0.0000000045       3
  0.300      0.3046926     0.0000000407       5
  0.500      0.5235987     0.0000000969       8
  0.700      0.7753968     0.0000004830      13
  0.930      1.1944082     0.0000016980      48
  0.970      1.3252184     0.0000030344      95
  0.990      1.4292190     0.0000053521     222

