  ПРИМЕР РАБОТЫ С МАТРИЦАМИ

  Исходные матрицы

  Матрица А:

  1.0   1.0   1.0   1.0   1.0   1.0   1.0   1.0   1.0   1.0 
  0.0   1.0   1.0   1.0   1.0   1.0   1.0   1.0   1.0   1.0 
  0.0   0.0   1.0   1.0   1.0   1.0   1.0   1.0   1.0   1.0 
  0.0   0.0   0.0   1.0   1.0   1.0   1.0   1.0   1.0   1.0 
  0.0   0.0   0.0   0.0   1.0   1.0   1.0   1.0   1.0   1.0 
  0.0   0.0   0.0   0.0   0.0   1.0   1.0   1.0   1.0   1.0 
  0.0   0.0   0.0   0.0   0.0   0.0   1.0   1.0   1.0   1.0 
  0.0   0.0   0.0   0.0   0.0   0.0   0.0   1.0   1.0   1.0 
  0.0   0.0   0.0   0.0   0.0   0.0   0.0   0.0   1.0   1.0 
  0.0   0.0   0.0   0.0   0.0   0.0   0.0   0.0   0.0   1.0 

  Матрица B:

  1.0   1.0   1.0   1.0   1.0   1.0   1.0   1.0   1.0   1.0 
  0.0   1.0   0.0   0.0   0.0   0.0   0.0   0.0   0.0   0.0 
  0.0   0.0   1.0   0.0   0.0   0.0   0.0   0.0   0.0   0.0 
  0.0   0.0   0.0   1.0   0.0   0.0   0.0   0.0   0.0   0.0 
  0.0   0.0   0.0   0.0   1.0   0.0   0.0   0.0   0.0   0.0 
  0.0   0.0   0.0   0.0   0.0   1.0   0.0   0.0   0.0   0.0 
  0.0   0.0   0.0   0.0   0.0   0.0   1.0   0.0   0.0   0.0 
  0.0   0.0   0.0   0.0   0.0   0.0   0.0   1.0   0.0   0.0 
  1.0   0.0   0.0   0.0   0.0   0.0   0.0   0.0   1.0   0.0 
 -1.5   1.0   0.0   0.0   0.0   0.0   0.0   0.0   0.0   1.0 


  Сумма квадратов элементов матрицы А*В
  равна  101.500000