ИТЕРАЦИОННЫЕ_МЕТОДЫ_РЕШЕНИЯ_СЛАУ
1--метод_простой_итерации,
2--метод_Зейделя
3--метод_наискорейшего_спуска
4--метод_минимальных_невязок
//
Размерность_СЛАУ_(<=10)
n= 10
Значение_матрицы_СЛАУ(double):
10 2 1 1 1 1 1 1 1 1
2 200 1 1 1 1 1 1 1 0
1 1 10 1 1 1 1 1 1 0
1 1 1 10 1 1 1 1 1 0
1 1 1 1 10 1 1 1 1 0
1 1 1 1 1 10 1 1 1 0
1 1 1 1 1 1 10 1 1 0
1 1 1 1 1 1 1 10 1 0
1 1 1 1 1 1 1 1 10 0
1 0 0 0 0 0 0 0 0 2
Значениее_правой_части_(double):
1 1 1 1 100 1 1 0 1 0
Значениее_начального_приближения_(double):
0 0 0 0 -10 0 0 0 0 0
Точность_метода_(double)
eps= 0.0001
Максимальное_количество_итераций_(int)
MaxIter= 50