-0.959 -1.538
-1.163 -2.404
2.613 -0.118
0.818 0.274
-0.308 1.148
0.802 0.897
0.544 0.408
-1.765 -1.85
0.005 0.843
0.384 0.668
-0.719 -0.113
0.88 0.345
1.385 -0.171
0.867 1.459
-0.172 -1.369
-1.154 0.434
-2.039 0.46
0.233 0.219
0.337 0.581
-0.964 0.943
0.138 -0.17
0.26 -0.158
1.57 0.044
0.088 -0.059
-0.608 -1.41
0.043 0.339
0.243 0.705
1.34 -1.13
-1.106 -0.859
-0.618 -0.386
0.554 -0.524
0.103 0.504
-0.846 -0.242
0.856 1.17
-0.376 0.745
-0.411 0.342
2.703 -1.564
-0.624 -1.229
0.932 -0.063
-0.118 -1.702
-0.009 -1.026
1.721 -0.483
-1.628 -0.734
2.06 -0.796
-0.799 1.583
-1.636 -1.705
0.139 -0.539
1.589 0.701
-1.639 -0.235
0.121 1.207
