-0.193 4.353
-0.81 4.944
-1.926 6.013
1.421 2.806
0.25 3.928
1.044 3.168
1.65 2.587
-1.771 5.865
1.378 2.848
0.176 4.0
0.314 3.868
0.551 3.64
0.419 3.767
0.989 3.22
1.251 2.97
0.616 3.578
0.035 4.135
-1.193 5.311
0.794 3.407
1.615 2.621
-0.313 4.468
0.448 3.739
0.394 3.791
-0.107 4.271
1.366 2.86
-0.999 5.125
0.6 3.593
-1.608 5.708
0.169 4.006
-0.516 4.663
-0.437 4.587
0.452 3.735
0.701 3.497
0.058 4.113
-0.057 4.222
0.251 3.928
1.046 3.166
-0.238 4.396
0.03 4.139
0.435 3.751
0.144 4.03
-0.893 5.024
-0.204 4.363
0.53 3.66
-1.154 5.274
-0.193 4.353
2.381 1.887
-1.547 5.65
-2.192 6.268
-0.449 4.598
