0.457 2.151
1.526 0.965
2.618 0.363
-0.043 -0.63
1.175 -0.166
2.39 0.676
0.967 0.583
1.763 1.482
1.088 1.43
0.334 -0.12
1.084 -0.562
1.879 0.137
1.286 0.814
1.884 1.708
2.331 0.295
1.774 0.238
1.369 1.434
2.785 2.106
2.298 -0.889
2.013 -0.115
2.064 0.514
0.748 0.201
1.209 0.21
1.531 1.424
0.832 -0.555
-0.484 0.468
-0.244 0.731
1.214 0.858
2.985 0.816
2.597 1.097
-2.049 0.693
0.764 1.943
1.431 1.202
0.258 -0.898
1.272 0.982
0.725 1.187
0.51 1.27
1.733 -0.283
1.177 2.279
1.573 0.972
-0.295 1.348
-0.131 1.009
1.587 -0.778
1.155 1.647
1.707 1.689
2.132 -1.101
0.068 -0.765
1.375 0.423
2.975 -0.292
1.287 2.121
