1.018 1
1.185 1
-0.57 1
1.765 1
-0.754 1
0.579 1
0.605 1
-0.036 1
-0.889 1
-2.677 1
1.591 1
0.955 1
1.022 1
0.895 1
-1.617 1
-0.108 1
1.469 1
1.548 1
-0.579 1
0.747 1
-2.782 1
-0.202 1
-1.264 1
0.922 1
-0.404 1
0.667 1
0.289 1
1.37 1
-0.247 1
-2.809 1
-0.769 1
-1.643 1
-0.534 1
-0.511 1
2.258 1
1.702 1
-0.625 1
-1.41 1
0.186 1
-1.188 1
-1.313 1
2.623 1
-0.625 1
-1.016 1
2.33 1
-1.284 1
1.262 1
0.176 1
-1.322 1
-1.178 1
-1.826 2
1.856 2
-0.422 2
1.509 2
-1.611 2
0.221 2
-2.009 2
1.872 2
-1.026 2
-0.396 2
0.241 2
0.406 2
-1.805 2
-0.461 2
-2.186 2
-1.277 2
1.991 2
-0.45 2
-0.933 2
-0.021 2
-2.081 2
3.287 2
-0.221 2
0.829 2
-1.424 2
0.337 2
1.423 2
4.914 2
-0.661 2
2.059 2
2.358 2
2.863 2
1.04 2
1.704 2
-4.151 2
0.925 2
-1.846 2
0.895 2
0.825 2
-3.242 2
-0.526 2
1.681 2
-1.275 2
1.601 2
-0.979 2
-2.996 2
-0.861 2
1.288 2
0.606 2
0.596 2
