-0.289 1
-0.586 1
-0.408 1
0.482 1
0.842 1
2.125 1
-2.818 1
-1.376 1
1.343 1
2.111 1
-0.543 1
-0.324 1
0.72 1
1.773 1
1.352 1
5.139 1
0.82 1
0.391 1
0.94 1
-4.477 1
0.78 1
-3.338 1
-0.254 1
-0.631 1
-0.596 1
1.556 1
1.047 1
1.257 1
0.554 1
-0.466 1
-1.123 1
-1.084 1
-2.58 1
-2.917 1
1.571 1
1.093 1
0.673 1
0.643 1
-0.425 1
-0.442 1
-0.574 1
-1.72 1
-2.012 1
-0.579 1
1.914 1
-0.038 1
-1.32 1
-0.029 1
-0.246 1
1.493 1
3.111 2
-1.785 2
0.79 2
-7.074 2
-1.201 2
-6.466 2
-1.961 2
-1.12 2
-0.496 2
-2.168 2
-7.651 2
-3.712 2
3.473 2
-0.628 2
-1.276 2
2.839 2
-4.702 2
-6.559 2
-5.147 2
-1.771 2
-5.337 2
0.055 2
-4.686 2
-3.122 2
1.995 2
-2.837 2
1.655 2
-0.402 2
-11.437 2
-8.172 2
3.894 2
2.051 2
3.272 2
-2.64 2
-1.405 2
-1.121 2
3.239 2
-1.558 2
5.454 2
1.865 2
-1.702 2
7.154 2
-9.453 2
-4.884 2
2.589 2
1.533 2
8.031 2
3.766 2
0.937 2
-1.086 2
