матрица А: 
1.000000 1.000000 1.000000 1.000000 1.000000 1.000000 1.000000 1.000000 1.000000 1.000000  
1.000000 12.000000 18.000000 1.000000 1.000000 1.000000 1.000000 1.000000 1.000000 1.000000  
1.000000 1.000000 13.000000 1.000000 1.000000 1.000000 1.000000 1.000000 1.000000 1.000000  
1.000000 1.000000 1.000000 14.000000 1.000000 1.000000 1.000000 1.000000 1.000000 1.000000  
1.000000 1.000000 1.000000 1.000000 15.000000 1.000000 1.000000 1.000000 1.000000 1.000000  
1.000000 1.000000 1.000000 1.000000 1.000000 16.000000 1.000000 1.000000 1.000000 1.000000  
1.000000 1.000000 1.000000 1.000000 1.000000 1.000000 17.000000 1.000000 1.000000 1.000000  
1.000000 1.000000 1.000000 1.000000 1.000000 1.000000 1.000000 18.000000 1.000000 1.000000  
1.000000 1.000000 1.000000 1.000000 1.000000 1.000000 1.000000 1.000000 19.000000 1.000000  
1.000000 1.000000 1.000000 1.000000 1.000000 1.000000 1.000000 1.000000 1.000000 10.000000  
 
 
правый столбец: 
10.000000 
2.000000 
31.000000 
40.000000 
5.000000 
6.000000 
7.000000 
8.000000 
9.000000 
11.000000 
 
 
 
 
матрица ступенчатая (первый ход): 
1.000000 1.000000 1.000000 1.000000 1.000000 1.000000 1.000000 1.000000 1.000000 1.000000  
0.000000 11.000000 17.000000 0.000000 0.000000 0.000000 0.000000 0.000000 0.000000 0.000000  
0.000000 0.000000 12.000000 0.000000 0.000000 0.000000 0.000000 0.000000 0.000000 0.000000  
0.000000 0.000000 0.000000 13.000000 0.000000 0.000000 0.000000 0.000000 0.000000 0.000000  
0.000000 0.000000 0.000000 0.000000 14.000000 0.000000 0.000000 0.000000 0.000000 0.000000  
0.000000 0.000000 0.000000 0.000000 0.000000 15.000000 0.000000 0.000000 0.000000 0.000000  
0.000000 0.000000 0.000000 0.000000 0.000000 0.000000 16.000000 0.000000 0.000000 0.000000  
0.000000 0.000000 0.000000 0.000000 0.000000 0.000000 0.000000 17.000000 0.000000 0.000000  
0.000000 0.000000 0.000000 0.000000 0.000000 0.000000 0.000000 0.000000 18.000000 0.000000  
0.000000 0.000000 0.000000 0.000000 0.000000 0.000000 0.000000 0.000000 0.000000 9.000000  
 
 
её правый столбец: 
10.000000
-8.000000
21.000000
30.000000
-5.000000
-4.000000
-3.000000
-2.000000
-1.000000
1.000000
 
 
 
 
матрица конечная (второй ход): 
1.000000 -0.000000 -0.000000 -0.000000 -0.000000 -0.000000 0.000000 -0.000000 -0.000000 -0.000000  
0.000000 11.000000 0.000000 0.000000 0.000000 0.000000 0.000000 0.000000 0.000000 0.000000  
0.000000 0.000000 12.000000 0.000000 0.000000 0.000000 0.000000 0.000000 0.000000 0.000000  
0.000000 0.000000 0.000000 13.000000 0.000000 0.000000 0.000000 0.000000 0.000000 0.000000  
0.000000 0.000000 0.000000 0.000000 14.000000 0.000000 0.000000 0.000000 0.000000 0.000000  
0.000000 0.000000 0.000000 0.000000 0.000000 15.000000 0.000000 0.000000 0.000000 0.000000  
0.000000 0.000000 0.000000 0.000000 0.000000 0.000000 16.000000 0.000000 0.000000 0.000000  
0.000000 0.000000 0.000000 0.000000 0.000000 0.000000 0.000000 17.000000 0.000000 0.000000  
0.000000 0.000000 0.000000 0.000000 0.000000 0.000000 0.000000 0.000000 18.000000 0.000000  
0.000000 0.000000 0.000000 0.000000 0.000000 0.000000 0.000000 0.000000 0.000000 9.000000  
 
 
её правый столбец: 
10.247527
-37.749999
21.000000
30.000000
-5.000000
-4.000000
-3.000000
-2.000000
-1.000000
1.000000
 
 
столбец решений: 
10.247527
-3.431818
1.750000
2.307692
-0.357143
-0.266667
-0.187500
-0.117647
-0.055556
0.111111
 
 
невязка: 
0.000001 