матрица А: 
10.000000 2.000000 1.000000 1.000000 1.000000 1.000000 1.000000 1.000000 1.000000 1.000000  
2.000000 200.000000 1.000000 1.000000 1.000000 1.000000 1.000000 1.000000 1.000000 0.000000  
1.000000 1.000000 10.000000 1.000000 1.000000 1.000000 1.000000 1.000000 1.000000 0.000000  
1.000000 1.000000 1.000000 10.000000 1.000000 1.000000 1.000000 1.000000 1.000000 0.000000  
1.000000 1.000000 1.000000 1.000000 10.000000 1.000000 1.000000 1.000000 1.000000 0.000000  
1.000000 1.000000 1.000000 1.000000 1.000000 10.000000 1.000000 1.000000 1.000000 0.000000  
1.000000 1.000000 1.000000 1.000000 1.000000 1.000000 10.000000 1.000000 1.000000 0.000000  
1.000000 1.000000 1.000000 1.000000 1.000000 1.000000 1.000000 10.000000 1.000000 0.000000  
1.000000 1.000000 1.000000 1.000000 1.000000 1.000000 1.000000 1.000000 10.000000 0.000000  
1.000000 0.000000 0.000000 0.000000 0.000000 0.000000 0.000000 0.000000 0.000000 2.000000  
 
 
столбец значений: 
1.000000 
1.000000 
1.000000 
1.000000 
100.000000 
1.000000 
1.000000 
0.000000 
1.000000 
0.000000 
 
 
 
столбец приближения: 
0.000000 
0.000000 
0.000000 
0.000000 
-10.000000 
0.000000 
0.000000 
0.000000 
0.000000 
0.000000 
 
 
точность 0.000100 
изначальная невязка 202.353651 
 
 
 
 
 
столбец решений: 
-0.609814 
-0.023099 
-0.578502 
-0.578501 
10.421500 
-0.578499 
-0.578498 
-0.689609 
-0.578498 
0.304907 
 
 
при номере итерации 8 
и невязке  0.000062 
