  Отсортировать массив в порядке убывания
  пузырьковым методом 

  Размерность массива = 50000
  Массив содержит много нулей

  Первые 20 элементов исходного массива:

         0         1         0         0         0         0         0         0         0         0
         0         0         0         0         0         0         0         0         0         0


  Последние 40 элементов исходного массива:

         0         0         0         0         0         0         0         0         0         0
         0         0         0         0         0         0         0         0         0         0
         0         0         0         0         0         0         0         0         0         0
         0         0         0         0         0         0         0         0         0         0


  Первая сортировка (экономичная)

  Первые 20 элементов отсортированного массива:

       100        99        98        97        96        95        94        93        92        91
        90        89        88        87        86        85        84        83        82        81


  Последние 40 элементов отсортированного массива:

         0         0         0         0         0         0         0         0         0         0
         0         0         0         0         0         0         0         0         0         0
         0         0         0         0         0         0         0         0         0         0
         0         0         0         0         0         0         0         0         0         0


  Время выполнения =    31 мс

  Вторая сортировка (неэкономичная)

  Первые 20 элементов отсортированного массива:

       100        99        98        97        96        95        94        93        92        91
        90        89        88        87        86        85        84        83        82        81


  Последние 40 элементов отсортированного массива:

         0         0         0         0         0         0         0         0         0         0
         0         0         0         0         0         0         0         0         0         0
         0         0         0         0         0         0         0         0         0         0
         0         0         0         0         0         0         0         0         0         0


  Время выполнения =  6890 мс