1	family_id	assigned_day
2	0	52
3	1	26
4	2	100
5	3	2
6	4	53
7	5	32
8	6	88
9	7	25
10	8	18
11	9	88
12	10	92
13	11	19
14	12	98
15	13	54
16	14	45
17	15	22
18	16	46
19	17	47
20	18	75
21	19	3
22	20	3
23	21	56
24	22	61
25	23	19
26	24	75
27	25	16
28	26	58
29	27	38
30	28	27
31	29	8
32	30	68
33	31	74
34	32	24
35	33	32
36	34	46
37	35	31
38	36	47
39	37	15
40	38	13
41	39	9
42	40	25
43	41	92
44	42	81
45	43	11
46	44	49
47	45	5
48	46	15
49	47	45
50	48	32
51	49	33
52	50	50
53	51	28
54	52	33
55	53	37
56	54	69
57	55	91
58	56	12
59	57	31
60	58	74
61	59	15
62	60	98
63	61	18
64	62	39
65	63	63
66	64	3
67	65	47
68	66	66
69	67	94
70	68	85
71	69	5
72	70	32
73	71	71
74	72	66
75	73	10
76	74	28
77	75	53
78	76	79
79	77	20
80	78	52
81	79	37
82	80	18
83	81	17
84	82	8
85	83	88
86	84	9
87	85	54
88	86	29
89	87	25
90	88	57
91	89	23
92	90	54
93	91	17
94	92	85
95	93	5
96	94	47
97	95	24
98	96	75
99	97	96
100	98	3
101	99	39
102	100	39
103	101	53
104	102	29
105	103	68
106	104	47
107	105	12
108	106	34
109	107	12
110	108	34
111	109	17
112	110	22
113	111	68
114	112	13
115	113	18
116	114	15
117	115	22
118	116	77
119	117	94
120	118	69
121	119	4
122	120	56
123	121	17
124	122	24
125	123	22
126	124	14
127	125	47
128	126	3
129	127	2
130	128	56
131	129	43
132	130	16
133	131	11
134	132	76
135	133	54
136	134	18
137	135	5
138	136	88
139	137	82
140	138	2
141	139	89
142	140	61
143	141	89
144	142	26
145	143	38
146	144	28
147	145	18
148	146	64
149	147	28
150	148	63
151	149	61
152	150	60
153	151	3
154	152	88
155	153	3
156	154	25
157	155	100
158	156	95
159	157	87
160	158	13
161	159	55
162	160	40
163	161	47
164	162	86
165	163	84
166	164	18
167	165	97
168	166	14
169	167	93
170	168	19
171	169	67
172	170	12
173	171	24
174	172	21
175	173	55
176	174	34
177	175	17
178	176	52
179	177	13
180	178	80
181	179	2
182	180	20
183	181	7
184	182	94
185	183	17
186	184	4
187	185	80
188	186	50
189	187	43
190	188	20
191	189	1
192	190	9
193	191	54
194	192	77
195	193	35
196	194	95
197	195	55
198	196	100
199	197	59
200	198	90
201	199	51
202	200	26
203	201	35
204	202	23
205	203	38
206	204	67
207	205	1
208	206	28
209	207	47
210	208	1
211	209	71
212	210	23
213	211	67
214	212	10
215	213	52
216	214	31
217	215	1
218	216	43
219	217	5
220	218	38
221	219	68
222	220	1
223	221	17
224	222	36
225	223	60
226	224	4
227	225	61
228	226	59
229	227	49
230	228	87
231	229	48
232	230	57
233	231	48
234	232	47
235	233	87
236	234	82
237	235	53
238	236	37
239	237	3
240	238	19
241	239	14
242	240	33
243	241	60
244	242	60
245	243	89
246	244	35
247	245	13
248	246	50
249	247	66
250	248	80
251	249	14
252	250	7
253	251	97
254	252	92
255	253	73
256	254	18
257	255	12
258	256	93
259	257	74
260	258	92
261	259	60
262	260	37
263	261	83
264	262	32
265	263	48
266	264	11
267	265	11
268	266	32
269	267	18
270	268	39
271	269	30
272	270	67
273	271	73
274	272	43
275	273	38
276	274	8
277	275	15
278	276	69
279	277	3
280	278	54
281	279	38
282	280	23
283	281	22
284	282	17
285	283	73
286	284	20
287	285	66
288	286	54
289	287	47
290	288	63
291	289	66
292	290	56
293	291	80
294	292	66
295	293	23
296	294	46
297	295	10
298	296	39
299	297	48
300	298	19
301	299	32
302	300	5
303	301	45
304	302	4
305	303	27
306	304	86
307	305	58
308	306	2
309	307	32
310	308	47
311	309	19
312	310	64
313	311	59
314	312	43
315	313	37
316	314	39
317	315	45
318	316	53
319	317	25
320	318	49
321	319	10
322	320	7
323	321	95
324	322	82
325	323	48
326	324	33
327	325	1
328	326	26
329	327	46
330	328	10
331	329	19
332	330	93
333	331	17
334	332	10
335	333	23
336	334	22
337	335	68
338	336	89
339	337	24
340	338	74
341	339	45
342	340	13
343	341	58
344	342	54
345	343	89
346	344	30
347	345	66
348	346	1
349	347	59
350	348	5
351	349	19
352	350	74
353	351	27
354	352	93
355	353	25
356	354	27
357	355	85
358	356	51
359	357	55
360	358	11
361	359	90
362	360	55
363	361	34
364	362	81
365	363	12
366	364	99
367	365	4
368	366	93
369	367	17
370	368	93
371	369	72
372	370	93
373	371	26
374	372	98
375	373	9
376	374	75
377	375	6
378	376	26
379	377	82
380	378	25
381	379	65
382	380	73
383	381	27
384	382	48
385	383	12
386	384	3
387	385	29
388	386	15
389	387	39
390	388	32
391	389	54
392	390	40
393	391	53
394	392	60
395	393	36
396	394	28
397	395	8
398	396	2
399	397	52
400	398	37
401	399	5
402	400	3
403	401	52
404	402	63
405	403	17
406	404	48
407	405	54
408	406	3
409	407	68
410	408	21
411	409	81
412	410	81
413	411	83
414	412	25
415	413	62
416	414	26
417	415	24
418	416	96
419	417	10
420	418	32
421	419	26
422	420	60
423	421	69
424	422	24
425	423	74
426	424	4
427	425	30
428	426	36
429	427	24
430	428	40
431	429	2
432	430	66
433	431	15
434	432	45
435	433	1
436	434	62
437	435	1
438	436	11
439	437	64
440	438	25
441	439	6
442	440	39
443	441	33
444	442	29
445	443	14
446	444	26
447	445	74
448	446	27
449	447	19
450	448	82
451	449	18
452	450	60
453	451	33
454	452	87
455	453	33
456	454	11
457	455	3
458	456	94
459	457	70
460	458	46
461	459	66
462	460	30
463	461	27
464	462	80
465	463	71
466	464	46
467	465	46
468	466	36
469	467	3
470	468	42
471	469	93
472	470	17
473	471	38
474	472	14
475	473	56
476	474	22
477	475	33
478	476	54
479	477	60
480	478	5
481	479	34
482	480	78
483	481	72
484	482	30
485	483	78
486	484	26
487	485	30
488	486	11
489	487	26
490	488	7
491	489	16
492	490	28
493	491	73
494	492	95
495	493	16
496	494	95
497	495	56
498	496	56
499	497	16
500	498	71
501	499	46
502	500	27
503	501	21
504	502	56
505	503	22
506	504	81
507	505	16
508	506	38
509	507	13
510	508	35
511	509	37
512	510	82
513	511	43
514	512	71
515	513	64
516	514	3
517	515	14
518	516	42
519	517	60
520	518	24
521	519	24
522	520	4
523	521	66
524	522	32
525	523	4
526	524	74
527	525	19
528	526	59
529	527	16
530	528	100
531	529	25
532	530	61
533	531	45
534	532	4
535	533	26
536	534	14
537	535	72
538	536	91
539	537	23
540	538	83
541	539	9
542	540	31
543	541	60
544	542	22
545	543	53
546	544	12
547	545	79
548	546	80
549	547	60
550	548	88
551	549	44
552	550	73
553	551	3
554	552	35
555	553	45
556	554	53
557	555	10
558	556	98
559	557	16
560	558	20
561	559	47
562	560	18
563	561	20
564	562	27
565	563	76
566	564	82
567	565	91
568	566	45
569	567	76
570	568	80
571	569	25
572	570	11
573	571	98
574	572	62
575	573	77
576	574	63
577	575	94
578	576	81
579	577	31
580	578	18
581	579	77
582	580	49
583	581	42
584	582	20
585	583	35
586	584	87
587	585	3
588	586	78
589	587	8
590	588	51
591	589	82
592	590	90
593	591	55
594	592	40
595	593	23
596	594	61
597	595	19
598	596	88
599	597	81
600	598	47
601	599	43
602	600	15
603	601	2
604	602	12
605	603	98
606	604	15
607	605	12
608	606	12
609	607	81
610	608	94
611	609	94
612	610	1
613	611	57
614	612	1
615	613	96
616	614	61
617	615	58
618	616	44
619	617	80
620	618	2
621	619	42
622	620	52
623	621	95
624	622	99
625	623	75
626	624	78
627	625	47
628	626	33
629	627	3
630	628	83
631	629	62
632	630	95
633	631	10
634	632	33
635	633	10
636	634	24
637	635	30
638	636	21
639	637	40
640	638	26
641	639	30
642	640	43
643	641	81
644	642	73
645	643	12
646	644	19
647	645	10
648	646	48
649	647	57
650	648	48
651	649	65
652	650	47
653	651	46
654	652	16
655	653	95
656	654	10
657	655	73
658	656	68
659	657	48
660	658	35
661	659	69
662	660	54
663	661	80
664	662	18
665	663	6
666	664	24
667	665	34
668	666	48
669	667	81
670	668	10
671	669	61
672	670	18
673	671	67
674	672	44
675	673	17
676	674	76
677	675	2
678	676	4
679	677	95
680	678	28
681	679	23
682	680	27
683	681	61
684	682	15
685	683	40
686	684	26
687	685	34
688	686	18
689	687	51
690	688	88
691	689	67
692	690	38
693	691	8
694	692	13
695	693	8
696	694	96
697	695	8
698	696	69
699	697	85
700	698	10
701	699	35
702	700	14
703	701	70
704	702	7
705	703	56
706	704	60
707	705	14
708	706	95
709	707	18
710	708	46
711	709	98
712	710	39
713	711	14
714	712	36
715	713	25
716	714	10
717	715	58
718	716	49
719	717	7
720	718	31
721	719	32
722	720	8
723	721	45
724	722	19
725	723	92
726	724	81
727	725	69
728	726	18
729	727	42
730	728	6
731	729	32
732	730	17
733	731	68
734	732	92
735	733	50
736	734	8
737	735	17
738	736	79
739	737	12
740	738	50
741	739	65
742	740	1
743	741	81
744	742	99
745	743	11
746	744	41
747	745	25
748	746	60
749	747	25
750	748	46
751	749	65
752	750	96
753	751	54
754	752	4
755	753	30
756	754	36
757	755	12
758	756	4
759	757	73
760	758	22
761	759	97
762	760	23
763	761	48
764	762	87
765	763	17
766	764	4
767	765	32
768	766	16
769	767	82
770	768	92
771	769	94
772	770	25
773	771	91
774	772	12
775	773	2
776	774	6
777	775	99
778	776	84
779	777	46
780	778	3
781	779	67
782	780	77
783	781	9
784	782	67
785	783	52
786	784	75
787	785	56
788	786	96
789	787	6
790	788	15
791	789	52
792	790	59
793	791	5
794	792	88
795	793	100
796	794	32
797	795	30
798	796	81
799	797	1
800	798	45
801	799	3
802	800	57
803	801	17
804	802	13
805	803	19
806	804	57
807	805	1
808	806	49
809	807	72
810	808	52
811	809	2
812	810	69
813	811	75
814	812	95
815	813	53
816	814	27
817	815	1
818	816	14
819	817	53
820	818	4
821	819	32
822	820	90
823	821	36
824	822	34
825	823	35
826	824	8
827	825	29
828	826	28
829	827	71
830	828	80
831	829	70
832	830	36
833	831	8
834	832	41
835	833	1
836	834	56
837	835	17
838	836	31
839	837	87
840	838	94
841	839	12
842	840	24
843	841	92
844	842	69
845	843	14
846	844	69
847	845	5
848	846	76
849	847	95
850	848	42
851	849	50
852	850	19
853	851	13
854	852	31
855	853	55
856	854	14
857	855	51
858	856	70
859	857	11
860	858	1
861	859	9
862	860	55
863	861	57
864	862	1
865	863	82
866	864	4
867	865	19
868	866	24
869	867	3
870	868	33
871	869	11
872	870	57
873	871	94
874	872	11
875	873	5
876	874	23
877	875	82
878	876	97
879	877	63
880	878	4
881	879	65
882	880	53
883	881	41
884	882	47
885	883	1
886	884	33
887	885	6
888	886	81
889	887	83
890	888	30
891	889	99
892	890	65
893	891	1
894	892	1
895	893	63
896	894	78
897	895	11
898	896	29
899	897	67
900	898	26
901	899	81
902	900	73
903	901	7
904	902	33
905	903	19
906	904	24
907	905	5
908	906	73
909	907	34
910	908	63
911	909	36
912	910	46
913	911	10
914	912	68
915	913	59
916	914	94
917	915	55
918	916	81
919	917	60
920	918	1
921	919	99
922	920	26
923	921	31
924	922	6
925	923	96
926	924	43
927	925	71
928	926	18
929	927	74
930	928	86
931	929	69
932	930	2
933	931	35
934	932	12
935	933	73
936	934	38
937	935	26
938	936	31
939	937	27
940	938	46
941	939	37
942	940	31
943	941	90
944	942	57
945	943	82
946	944	87
947	945	22
948	946	72
949	947	28
950	948	84
951	949	86
952	950	20
953	951	88
954	952	54
955	953	46
956	954	80
957	955	63
958	956	16
959	957	16
960	958	24
961	959	42
962	960	50
963	961	53
964	962	44
965	963	33
966	964	1
967	965	61
968	966	6
969	967	63
970	968	2
971	969	86
972	970	97
973	971	13
974	972	90
975	973	82
976	974	44
977	975	1
978	976	18
979	977	54
980	978	59
981	979	4
982	980	38
983	981	12
984	982	14
985	983	96
986	984	2
987	985	44
988	986	76
989	987	87
990	988	11
991	989	62
992	990	50
993	991	20
994	992	54
995	993	46
996	994	39
997	995	35
998	996	57
999	997	50
1000	998	3
1001	999	80
1002	1000	30
1003	1001	25
1004	1002	46
1005	1003	29
1006	1004	45
1007	1005	31
1008	1006	95
1009	1007	1
1010	1008	73
1011	1009	75
1012	1010	46
1013	1011	24
1014	1012	67
1015	1013	11
1016	1014	52
1017	1015	9
1018	1016	9
1019	1017	5
1020	1018	16
1021	1019	75
1022	1020	60
1023	1021	75
1024	1022	73
1025	1023	60
1026	1024	24
1027	1025	71
1028	1026	18
1029	1027	54
1030	1028	13
1031	1029	41
1032	1030	83
1033	1031	30
1034	1032	5
1035	1033	52
1036	1034	17
1037	1035	40
1038	1036	7
1039	1037	66
1040	1038	94
1041	1039	66
1042	1040	23
1043	1041	96
1044	1042	15
1045	1043	16
1046	1044	35
1047	1045	73
1048	1046	54
1049	1047	15
1050	1048	72
1051	1049	31
1052	1050	81
1053	1051	59
1054	1052	9
1055	1053	84
1056	1054	9
1057	1055	81
1058	1056	27
1059	1057	72
1060	1058	79
1061	1059	1
1062	1060	23
1063	1061	65
1064	1062	99
1065	1063	25
1066	1064	75
1067	1065	1
1068	1066	2
1069	1067	75
1070	1068	3
1071	1069	98
1072	1070	49
1073	1071	94
1074	1072	59
1075	1073	32
1076	1074	54
1077	1075	8
1078	1076	26
1079	1077	14
1080	1078	54
1081	1079	59
1082	1080	18
1083	1081	13
1084	1082	80
1085	1083	96
1086	1084	62
1087	1085	31
1088	1086	20
1089	1087	22
1090	1088	21
1091	1089	60
1092	1090	91
1093	1091	56
1094	1092	33
1095	1093	67
1096	1094	19
1097	1095	19
1098	1096	26
1099	1097	55
1100	1098	16
1101	1099	59
1102	1100	67
1103	1101	68
1104	1102	12
1105	1103	74
1106	1104	3
1107	1105	45
1108	1106	8
1109	1107	75
1110	1108	25
1111	1109	5
1112	1110	90
1113	1111	100
1114	1112	67
1115	1113	62
1116	1114	11
1117	1115	31
1118	1116	74
1119	1117	7
1120	1118	73
1121	1119	34
1122	1120	15
1123	1121	94
1124	1122	64
1125	1123	26
1126	1124	96
1127	1125	26
1128	1126	21
1129	1127	68
1130	1128	14
1131	1129	1
1132	1130	12
1133	1131	24
1134	1132	46
1135	1133	3
1136	1134	59
1137	1135	100
1138	1136	32
1139	1137	3
1140	1138	10
1141	1139	42
1142	1140	52
1143	1141	9
1144	1142	3
1145	1143	87
1146	1144	3
1147	1145	53
1148	1146	27
1149	1147	62
1150	1148	26
1151	1149	59
1152	1150	23
1153	1151	25
1154	1152	76
1155	1153	17
1156	1154	99
1157	1155	75
1158	1156	96
1159	1157	15
1160	1158	39
1161	1159	17
1162	1160	96
1163	1161	60
1164	1162	65
1165	1163	18
1166	1164	44
1167	1165	79
1168	1166	36
1169	1167	61
1170	1168	17
1171	1169	25
1172	1170	16
1173	1171	80
1174	1172	2
1175	1173	55
1176	1174	40
1177	1175	34
1178	1176	26
1179	1177	52
1180	1178	32
1181	1179	69
1182	1180	11
1183	1181	56
1184	1182	11
1185	1183	66
1186	1184	82
1187	1185	52
1188	1186	2
1189	1187	75
1190	1188	4
1191	1189	94
1192	1190	49
1193	1191	75
1194	1192	7
1195	1193	4
1196	1194	47
1197	1195	43
1198	1196	67
1199	1197	5
1200	1198	50
1201	1199	16
1202	1200	16
1203	1201	11
1204	1202	34
1205	1203	100
1206	1204	56
1207	1205	9
1208	1206	42
1209	1207	26
1210	1208	43
1211	1209	6
1212	1210	53
1213	1211	49
1214	1212	88
1215	1213	50
1216	1214	100
1217	1215	94
1218	1216	34
1219	1217	41
1220	1218	62
1221	1219	39
1222	1220	54
1223	1221	77
1224	1222	5
1225	1223	58
1226	1224	8
1227	1225	25
1228	1226	10
1229	1227	18
1230	1228	19
1231	1229	21
1232	1230	40
1233	1231	87
1234	1232	67
1235	1233	45
1236	1234	52
1237	1235	45
1238	1236	82
1239	1237	43
1240	1238	96
1241	1239	50
1242	1240	33
1243	1241	60
1244	1242	14
1245	1243	58
1246	1244	94
1247	1245	10
1248	1246	2
1249	1247	81
1250	1248	39
1251	1249	65
1252	1250	13
1253	1251	29
1254	1252	4
1255	1253	72
1256	1254	37
1257	1255	93
1258	1256	1
1259	1257	88
1260	1258	60
1261	1259	66
1262	1260	38
1263	1261	27
1264	1262	60
1265	1263	91
1266	1264	1
1267	1265	83
1268	1266	37
1269	1267	23
1270	1268	35
1271	1269	28
1272	1270	86
1273	1271	95
1274	1272	89
1275	1273	27
1276	1274	87
1277	1275	71
1278	1276	7
1279	1277	49
1280	1278	27
1281	1279	57
1282	1280	9
1283	1281	76
1284	1282	30
1285	1283	29
1286	1284	2
1287	1285	70
1288	1286	97
1289	1287	1
1290	1288	3
1291	1289	39
1292	1290	52
1293	1291	34
1294	1292	35
1295	1293	77
1296	1294	75
1297	1295	95
1298	1296	3
1299	1297	96
1300	1298	31
1301	1299	11
1302	1300	40
1303	1301	9
1304	1302	27
1305	1303	80
1306	1304	54
1307	1305	5
1308	1306	52
1309	1307	60
1310	1308	1
1311	1309	57
1312	1310	46
1313	1311	45
1314	1312	10
1315	1313	88
1316	1314	26
1317	1315	2
1318	1316	89
1319	1317	26
1320	1318	39
1321	1319	43
1322	1320	54
1323	1321	16
1324	1322	1
1325	1323	96
1326	1324	46
1327	1325	23
1328	1326	69
1329	1327	14
1330	1328	53
1331	1329	5
1332	1330	90
1333	1331	92
1334	1332	82
1335	1333	53
1336	1334	55
1337	1335	71
1338	1336	43
1339	1337	78
1340	1338	85
1341	1339	77
1342	1340	23
1343	1341	13
1344	1342	88
1345	1343	34
1346	1344	19
1347	1345	32
1348	1346	28
1349	1347	5
1350	1348	30
1351	1349	54
1352	1350	19
1353	1351	9
1354	1352	33
1355	1353	11
1356	1354	14
1357	1355	54
1358	1356	49
1359	1357	82
1360	1358	38
1361	1359	16
1362	1360	98
1363	1361	2
1364	1362	83
1365	1363	99
1366	1364	41
1367	1365	68
1368	1366	14
1369	1367	2
1370	1368	26
1371	1369	93
1372	1370	43
1373	1371	85
1374	1372	75
1375	1373	3
1376	1374	4
1377	1375	41
1378	1376	94
1379	1377	18
1380	1378	73
1381	1379	93
1382	1380	80
1383	1381	52
1384	1382	3
1385	1383	26
1386	1384	62
1387	1385	87
1388	1386	29
1389	1387	48
1390	1388	63
1391	1389	74
1392	1390	42
1393	1391	74
1394	1392	42
1395	1393	11
1396	1394	38
1397	1395	17
1398	1396	90
1399	1397	2
1400	1398	1
1401	1399	59
1402	1400	22
1403	1401	10
1404	1402	59
1405	1403	87
1406	1404	27
1407	1405	53
1408	1406	26
1409	1407	44
1410	1408	45
1411	1409	95
1412	1410	53
1413	1411	54
1414	1412	86
1415	1413	86
1416	1414	48
1417	1415	97
1418	1416	3
1419	1417	73
1420	1418	42
1421	1419	9
1422	1420	70
1423	1421	23
1424	1422	91
1425	1423	2
1426	1424	38
1427	1425	80
1428	1426	43
1429	1427	70
1430	1428	32
1431	1429	63
1432	1430	20
1433	1431	49
1434	1432	33
1435	1433	100
1436	1434	16
1437	1435	99
1438	1436	69
1439	1437	47
1440	1438	7
1441	1439	69
1442	1440	23
1443	1441	17
1444	1442	12
1445	1443	3
1446	1444	81
1447	1445	46
1448	1446	7
1449	1447	11
1450	1448	89
1451	1449	51
1452	1450	66
1453	1451	50
1454	1452	28
1455	1453	81
1456	1454	25
1457	1455	58
1458	1456	24
1459	1457	88
1460	1458	20
1461	1459	53
1462	1460	2
1463	1461	58
1464	1462	40
1465	1463	96
1466	1464	59
1467	1465	87
1468	1466	64
1469	1467	20
1470	1468	100
1471	1469	88
1472	1470	33
1473	1471	48
1474	1472	94
1475	1473	60
1476	1474	99
1477	1475	94
1478	1476	4
1479	1477	79
1480	1478	65
1481	1479	70
1482	1480	23
1483	1481	80
1484	1482	23
1485	1483	85
1486	1484	73
1487	1485	67
1488	1486	46
1489	1487	64
1490	1488	30
1491	1489	40
1492	1490	62
1493	1491	97
1494	1492	41
1495	1493	41
1496	1494	46
1497	1495	81
1498	1496	49
1499	1497	20
1500	1498	28
1501	1499	88
1502	1500	46
1503	1501	96
1504	1502	84
1505	1503	12
1506	1504	17
1507	1505	44
1508	1506	19
1509	1507	18
1510	1508	1
1511	1509	32
1512	1510	5
1513	1511	28
1514	1512	48
1515	1513	40
1516	1514	95
1517	1515	77
1518	1516	4
1519	1517	8
1520	1518	27
1521	1519	75
1522	1520	48
1523	1521	20
1524	1522	86
1525	1523	1
1526	1524	11
1527	1525	52
1528	1526	18
1529	1527	47
1530	1528	96
1531	1529	46
1532	1530	33
1533	1531	26
1534	1532	47
1535	1533	99
1536	1534	52
1537	1535	18
1538	1536	6
1539	1537	49
1540	1538	16
1541	1539	52
1542	1540	99
1543	1541	15
1544	1542	22
1545	1543	16
1546	1544	69
1547	1545	80
1548	1546	91
1549	1547	47
1550	1548	2
1551	1549	25
1552	1550	12
1553	1551	65
1554	1552	24
1555	1553	53
1556	1554	83
1557	1555	37
1558	1556	81
1559	1557	64
1560	1558	2
1561	1559	29
1562	1560	88
1563	1561	17
1564	1562	7
1565	1563	6
1566	1564	71
1567	1565	82
1568	1566	15
1569	1567	37
1570	1568	40
1571	1569	63
1572	1570	94
1573	1571	91
1574	1572	34
1575	1573	82
1576	1574	6
1577	1575	59
1578	1576	95
1579	1577	74
1580	1578	26
1581	1579	3
1582	1580	31
1583	1581	10
1584	1582	67
1585	1583	31
1586	1584	46
1587	1585	5
1588	1586	29
1589	1587	88
1590	1588	20
1591	1589	53
1592	1590	45
1593	1591	89
1594	1592	6
1595	1593	66
1596	1594	12
1597	1595	50
1598	1596	95
1599	1597	97
1600	1598	15
1601	1599	87
1602	1600	27
1603	1601	22
1604	1602	7
1605	1603	7
1606	1604	78
1607	1605	1
1608	1606	51
1609	1607	76
1610	1608	26
1611	1609	21
1612	1610	2
1613	1611	68
1614	1612	46
1615	1613	17
1616	1614	61
1617	1615	88
1618	1616	26
1619	1617	52
1620	1618	8
1621	1619	46
1622	1620	40
1623	1621	71
1624	1622	45
1625	1623	14
1626	1624	9
1627	1625	84
1628	1626	54
1629	1627	46
1630	1628	53
1631	1629	60
1632	1630	63
1633	1631	18
1634	1632	30
1635	1633	1
1636	1634	49
1637	1635	95
1638	1636	90
1639	1637	67
1640	1638	1
1641	1639	83
1642	1640	30
1643	1641	12
1644	1642	4
1645	1643	81
1646	1644	72
1647	1645	36
1648	1646	80
1649	1647	68
1650	1648	11
1651	1649	46
1652	1650	21
1653	1651	4
1654	1652	21
1655	1653	6
1656	1654	40
1657	1655	85
1658	1656	31
1659	1657	56
1660	1658	60
1661	1659	1
1662	1660	68
1663	1661	39
1664	1662	18
1665	1663	19
1666	1664	10
1667	1665	36
1668	1666	18
1669	1667	53
1670	1668	7
1671	1669	8
1672	1670	88
1673	1671	87
1674	1672	58
1675	1673	39
1676	1674	57
1677	1675	88
1678	1676	27
1679	1677	27
1680	1678	1
1681	1679	35
1682	1680	55
1683	1681	33
1684	1682	91
1685	1683	7
1686	1684	54
1687	1685	73
1688	1686	40
1689	1687	21
1690	1688	87
1691	1689	39
1692	1690	47
1693	1691	92
1694	1692	32
1695	1693	47
1696	1694	45
1697	1695	100
1698	1696	17
1699	1697	83
1700	1698	84
1701	1699	12
1702	1700	73
1703	1701	52
1704	1702	99
1705	1703	69
1706	1704	9
1707	1705	66
1708	1706	71
1709	1707	73
1710	1708	72
1711	1709	56
1712	1710	43
1713	1711	34
1714	1712	12
1715	1713	30
1716	1714	40
1717	1715	17
1718	1716	65
1719	1717	11
1720	1718	10
1721	1719	23
1722	1720	22
1723	1721	43
1724	1722	67
1725	1723	21
1726	1724	60
1727	1725	7
1728	1726	85
1729	1727	90
1730	1728	35
1731	1729	46
1732	1730	2
1733	1731	15
1734	1732	34
1735	1733	11
1736	1734	21
1737	1735	1
1738	1736	28
1739	1737	7
1740	1738	29
1741	1739	89
1742	1740	12
1743	1741	27
1744	1742	48
1745	1743	5
1746	1744	64
1747	1745	74
1748	1746	73
1749	1747	84
1750	1748	32
1751	1749	68
1752	1750	65
1753	1751	31
1754	1752	12
1755	1753	64
1756	1754	4
1757	1755	66
1758	1756	19
1759	1757	75
1760	1758	81
1761	1759	12
1762	1760	57
1763	1761	42
1764	1762	47
1765	1763	25
1766	1764	40
1767	1765	22
1768	1766	24
1769	1767	36
1770	1768	25
1771	1769	24
1772	1770	75
1773	1771	85
1774	1772	94
1775	1773	61
1776	1774	46
1777	1775	26
1778	1776	63
1779	1777	24
1780	1778	35
1781	1779	29
1782	1780	26
1783	1781	1
1784	1782	40
1785	1783	16
1786	1784	60
1787	1785	17
1788	1786	7
1789	1787	49
1790	1788	11
1791	1789	23
1792	1790	74
1793	1791	27
1794	1792	81
1795	1793	12
1796	1794	100
1797	1795	23
1798	1796	74
1799	1797	9
1800	1798	30
1801	1799	1
1802	1800	42
1803	1801	56
1804	1802	48
1805	1803	9
1806	1804	49
1807	1805	98
1808	1806	28
1809	1807	66
1810	1808	31
1811	1809	29
1812	1810	25
1813	1811	67
1814	1812	90
1815	1813	62
1816	1814	82
1817	1815	25
1818	1816	68
1819	1817	45
1820	1818	18
1821	1819	3
1822	1820	82
1823	1821	68
1824	1822	10
1825	1823	75
1826	1824	42
1827	1825	82
1828	1826	73
1829	1827	32
1830	1828	100
1831	1829	30
1832	1830	2
1833	1831	18
1834	1832	11
1835	1833	10
1836	1834	7
1837	1835	6
1838	1836	34
1839	1837	1
1840	1838	61
1841	1839	57
1842	1840	7
1843	1841	10
1844	1842	40
1845	1843	66
1846	1844	75
1847	1845	55
1848	1846	2
1849	1847	82
1850	1848	90
1851	1849	21
1852	1850	70
1853	1851	74
1854	1852	50
1855	1853	4
1856	1854	15
1857	1855	49
1858	1856	67
1859	1857	33
1860	1858	59
1861	1859	91
1862	1860	2
1863	1861	44
1864	1862	26
1865	1863	17
1866	1864	34
1867	1865	37
1868	1866	17
1869	1867	16
1870	1868	3
1871	1869	9
1872	1870	37
1873	1871	61
1874	1872	74
1875	1873	19
1876	1874	61
1877	1875	42
1878	1876	34
1879	1877	32
1880	1878	73
1881	1879	93
1882	1880	59
1883	1881	49
1884	1882	73
1885	1883	29
1886	1884	99
1887	1885	98
1888	1886	9
1889	1887	59
1890	1888	61
1891	1889	76
1892	1890	8
1893	1891	42
1894	1892	87
1895	1893	19
1896	1894	31
1897	1895	95
1898	1896	47
1899	1897	34
1900	1898	13
1901	1899	27
1902	1900	7
1903	1901	97
1904	1902	52
1905	1903	10
1906	1904	32
1907	1905	1
1908	1906	89
1909	1907	33
1910	1908	21
1911	1909	93
1912	1910	34
1913	1911	8
1914	1912	90
1915	1913	53
1916	1914	31
1917	1915	59
1918	1916	98
1919	1917	17
1920	1918	5
1921	1919	1
1922	1920	39
1923	1921	29
1924	1922	39
1925	1923	84
1926	1924	3
1927	1925	89
1928	1926	50
1929	1927	18
1930	1928	56
1931	1929	38
1932	1930	71
1933	1931	4
1934	1932	85
1935	1933	77
1936	1934	25
1937	1935	27
1938	1936	30
1939	1937	69
1940	1938	3
1941	1939	59
1942	1940	100
1943	1941	60
1944	1942	42
1945	1943	6
1946	1944	6
1947	1945	48
1948	1946	19
1949	1947	13
1950	1948	54
1951	1949	33
1952	1950	18
1953	1951	69
1954	1952	79
1955	1953	26
1956	1954	31
1957	1955	63
1958	1956	38
1959	1957	33
1960	1958	23
1961	1959	50
1962	1960	2
1963	1961	32
1964	1962	6
1965	1963	73
1966	1964	18
1967	1965	32
1968	1966	24
1969	1967	15
1970	1968	52
1971	1969	27
1972	1970	7
1973	1971	94
1974	1972	36
1975	1973	33
1976	1974	52
1977	1975	73
1978	1976	82
1979	1977	89
1980	1978	15
1981	1979	97
1982	1980	37
1983	1981	59
1984	1982	45
1985	1983	28
1986	1984	87
1987	1985	73
1988	1986	11
1989	1987	76
1990	1988	99
1991	1989	17
1992	1990	37
1993	1991	97
1994	1992	5
1995	1993	67
1996	1994	93
1997	1995	63
1998	1996	47
1999	1997	90
2000	1998	61
2001	1999	27
2002	2000	38
2003	2001	17
2004	2002	64
2005	2003	19
2006	2004	84
2007	2005	96
2008	2006	32
2009	2007	6
2010	2008	89
2011	2009	7
2012	2010	14
2013	2011	28
2014	2012	87
2015	2013	14
2016	2014	17
2017	2015	22
2018	2016	25
2019	2017	37
2020	2018	96
2021	2019	22
2022	2020	2
2023	2021	88
2024	2022	60
2025	2023	48
2026	2024	74
2027	2025	12
2028	2026	91
2029	2027	36
2030	2028	16
2031	2029	2
2032	2030	98
2033	2031	54
2034	2032	23
2035	2033	47
2036	2034	43
2037	2035	23
2038	2036	66
2039	2037	16
2040	2038	15
2041	2039	22
2042	2040	24
2043	2041	80
2044	2042	27
2045	2043	35
2046	2044	9
2047	2045	43
2048	2046	26
2049	2047	99
2050	2048	98
2051	2049	94
2052	2050	87
2053	2051	10
2054	2052	41
2055	2053	62
2056	2054	59
2057	2055	10
2058	2056	74
2059	2057	7
2060	2058	73
2061	2059	53
2062	2060	50
2063	2061	4
2064	2062	8
2065	2063	38
2066	2064	4
2067	2065	39
2068	2066	17
2069	2067	67
2070	2068	28
2071	2069	17
2072	2070	45
2073	2071	60
2074	2072	40
2075	2073	4
2076	2074	99
2077	2075	52
2078	2076	78
2079	2077	9
2080	2078	63
2081	2079	16
2082	2080	27
2083	2081	37
2084	2082	17
2085	2083	25
2086	2084	44
2087	2085	19
2088	2086	3
2089	2087	92
2090	2088	25
2091	2089	83
2092	2090	63
2093	2091	67
2094	2092	24
2095	2093	22
2096	2094	46
2097	2095	13
2098	2096	27
2099	2097	71
2100	2098	36
2101	2099	61
2102	2100	34
2103	2101	1
2104	2102	25
2105	2103	36
2106	2104	88
2107	2105	30
2108	2106	16
2109	2107	87
2110	2108	21
2111	2109	15
2112	2110	69
2113	2111	97
2114	2112	27
2115	2113	14
2116	2114	38
2117	2115	87
2118	2116	13
2119	2117	27
2120	2118	19
2121	2119	42
2122	2120	53
2123	2121	50
2124	2122	33
2125	2123	61
2126	2124	68
2127	2125	87
2128	2126	61
2129	2127	52
2130	2128	38
2131	2129	11
2132	2130	99
2133	2131	40
2134	2132	26
2135	2133	57
2136	2134	42
2137	2135	31
2138	2136	8
2139	2137	88
2140	2138	40
2141	2139	33
2142	2140	68
2143	2141	56
2144	2142	96
2145	2143	36
2146	2144	84
2147	2145	1
2148	2146	32
2149	2147	67
2150	2148	16
2151	2149	48
2152	2150	41
2153	2151	32
2154	2152	9
2155	2153	32
2156	2154	16
2157	2155	96
2158	2156	77
2159	2157	29
2160	2158	95
2161	2159	26
2162	2160	1
2163	2161	74
2164	2162	29
2165	2163	94
2166	2164	17
2167	2165	64
2168	2166	87
2169	2167	44
2170	2168	36
2171	2169	8
2172	2170	81
2173	2171	25
2174	2172	70
2175	2173	33
2176	2174	59
2177	2175	30
2178	2176	31
2179	2177	18
2180	2178	96
2181	2179	15
2182	2180	24
2183	2181	40
2184	2182	53
2185	2183	43
2186	2184	76
2187	2185	87
2188	2186	37
2189	2187	30
2190	2188	42
2191	2189	53
2192	2190	7
2193	2191	90
2194	2192	12
2195	2193	7
2196	2194	11
2197	2195	60
2198	2196	11
2199	2197	49
2200	2198	97
2201	2199	3
2202	2200	93
2203	2201	33
2204	2202	16
2205	2203	98
2206	2204	57
2207	2205	44
2208	2206	36
2209	2207	53
2210	2208	80
2211	2209	23
2212	2210	55
2213	2211	20
2214	2212	66
2215	2213	33
2216	2214	60
2217	2215	33
2218	2216	58
2219	2217	41
2220	2218	35
2221	2219	19
2222	2220	65
2223	2221	6
2224	2222	60
2225	2223	24
2226	2224	52
2227	2225	58
2228	2226	68
2229	2227	66
2230	2228	47
2231	2229	3
2232	2230	20
2233	2231	43
2234	2232	31
2235	2233	8
2236	2234	52
2237	2235	47
2238	2236	32
2239	2237	21
2240	2238	83
2241	2239	19
2242	2240	99
2243	2241	59
2244	2242	5
2245	2243	10
2246	2244	68
2247	2245	30
2248	2246	33
2249	2247	75
2250	2248	89
2251	2249	74
2252	2250	80
2253	2251	18
2254	2252	33
2255	2253	8
2256	2254	8
2257	2255	98
2258	2256	14
2259	2257	60
2260	2258	29
2261	2259	28
2262	2260	5
2263	2261	66
2264	2262	21
2265	2263	33
2266	2264	100
2267	2265	7
2268	2266	40
2269	2267	21
2270	2268	26
2271	2269	32
2272	2270	79
2273	2271	46
2274	2272	37
2275	2273	33
2276	2274	79
2277	2275	7
2278	2276	28
2279	2277	24
2280	2278	73
2281	2279	4
2282	2280	82
2283	2281	88
2284	2282	16
2285	2283	50
2286	2284	64
2287	2285	81
2288	2286	11
2289	2287	95
2290	2288	33
2291	2289	61
2292	2290	12
2293	2291	30
2294	2292	45
2295	2293	47
2296	2294	45
2297	2295	49
2298	2296	15
2299	2297	76
2300	2298	1
2301	2299	13
2302	2300	85
2303	2301	45
2304	2302	75
2305	2303	81
2306	2304	93
2307	2305	39
2308	2306	33
2309	2307	23
2310	2308	40
2311	2309	10
2312	2310	21
2313	2311	4
2314	2312	70
2315	2313	24
2316	2314	20
2317	2315	35
2318	2316	31
2319	2317	4
2320	2318	87
2321	2319	73
2322	2320	23
2323	2321	13
2324	2322	87
2325	2323	68
2326	2324	18
2327	2325	25
2328	2326	23
2329	2327	10
2330	2328	74
2331	2329	78
2332	2330	94
2333	2331	84
2334	2332	14
2335	2333	30
2336	2334	7
2337	2335	61
2338	2336	58
2339	2337	41
2340	2338	96
2341	2339	90
2342	2340	100
2343	2341	13
2344	2342	1
2345	2343	59
2346	2344	12
2347	2345	6
2348	2346	74
2349	2347	40
2350	2348	75
2351	2349	24
2352	2350	19
2353	2351	44
2354	2352	81
2355	2353	32
2356	2354	39
2357	2355	59
2358	2356	6
2359	2357	44
2360	2358	24
2361	2359	79
2362	2360	1
2363	2361	45
2364	2362	11
2365	2363	82
2366	2364	5
2367	2365	94
2368	2366	40
2369	2367	56
2370	2368	10
2371	2369	30
2372	2370	15
2373	2371	20
2374	2372	35
2375	2373	1
2376	2374	19
2377	2375	80
2378	2376	45
2379	2377	47
2380	2378	20
2381	2379	76
2382	2380	22
2383	2381	16
2384	2382	59
2385	2383	61
2386	2384	72
2387	2385	53
2388	2386	46
2389	2387	80
2390	2388	26
2391	2389	30
2392	2390	67
2393	2391	32
2394	2392	93
2395	2393	18
2396	2394	11
2397	2395	92
2398	2396	20
2399	2397	45
2400	2398	78
2401	2399	10
2402	2400	73
2403	2401	67
2404	2402	72
2405	2403	46
2406	2404	4
2407	2405	25
2408	2406	63
2409	2407	52
2410	2408	18
2411	2409	7
2412	2410	26
2413	2411	1
2414	2412	8
2415	2413	15
2416	2414	39
2417	2415	1
2418	2416	18
2419	2417	51
2420	2418	78
2421	2419	87
2422	2420	52
2423	2421	66
2424	2422	72
2425	2423	72
2426	2424	70
2427	2425	3
2428	2426	27
2429	2427	50
2430	2428	53
2431	2429	12
2432	2430	45
2433	2431	42
2434	2432	59
2435	2433	56
2436	2434	13
2437	2435	14
2438	2436	48
2439	2437	97
2440	2438	55
2441	2439	35
2442	2440	94
2443	2441	22
2444	2442	13
2445	2443	29
2446	2444	68
2447	2445	20
2448	2446	50
2449	2447	35
2450	2448	27
2451	2449	19
2452	2450	36
2453	2451	62
2454	2452	59
2455	2453	13
2456	2454	12
2457	2455	48
2458	2456	60
2459	2457	41
2460	2458	30
2461	2459	89
2462	2460	46
2463	2461	2
2464	2462	67
2465	2463	16
2466	2464	4
2467	2465	28
2468	2466	37
2469	2467	1
2470	2468	60
2471	2469	26
2472	2470	45
2473	2471	79
2474	2472	39
2475	2473	51
2476	2474	29
2477	2475	23
2478	2476	9
2479	2477	27
2480	2478	98
2481	2479	58
2482	2480	95
2483	2481	3
2484	2482	53
2485	2483	85
2486	2484	20
2487	2485	28
2488	2486	26
2489	2487	12
2490	2488	17
2491	2489	74
2492	2490	47
2493	2491	13
2494	2492	82
2495	2493	76
2496	2494	3
2497	2495	12
2498	2496	84
2499	2497	11
2500	2498	27
2501	2499	46
2502	2500	10
2503	2501	77
2504	2502	20
2505	2503	37
2506	2504	20
2507	2505	24
2508	2506	55
2509	2507	66
2510	2508	38
2511	2509	9
2512	2510	9
2513	2511	10
2514	2512	30
2515	2513	34
2516	2514	16
2517	2515	61
2518	2516	81
2519	2517	17
2520	2518	24
2521	2519	2
2522	2520	11
2523	2521	58
2524	2522	9
2525	2523	53
2526	2524	7
2527	2525	29
2528	2526	26
2529	2527	89
2530	2528	53
2531	2529	64
2532	2530	3
2533	2531	40
2534	2532	38
2535	2533	41
2536	2534	41
2537	2535	37
2538	2536	68
2539	2537	94
2540	2538	65
2541	2539	14
2542	2540	9
2543	2541	53
2544	2542	45
2545	2543	95
2546	2544	61
2547	2545	33
2548	2546	31
2549	2547	31
2550	2548	94
2551	2549	97
2552	2550	5
2553	2551	20
2554	2552	53
2555	2553	11
2556	2554	3
2557	2555	59
2558	2556	71
2559	2557	74
2560	2558	34
2561	2559	78
2562	2560	48
2563	2561	16
2564	2562	88
2565	2563	80
2566	2564	88
2567	2565	33
2568	2566	1
2569	2567	9
2570	2568	20
2571	2569	29
2572	2570	21
2573	2571	22
2574	2572	21
2575	2573	45
2576	2574	12
2577	2575	10
2578	2576	4
2579	2577	75
2580	2578	41
2581	2579	81
2582	2580	31
2583	2581	10
2584	2582	73
2585	2583	19
2586	2584	27
2587	2585	98
2588	2586	67
2589	2587	37
2590	2588	40
2591	2589	32
2592	2590	55
2593	2591	9
2594	2592	19
2595	2593	87
2596	2594	31
2597	2595	22
2598	2596	64
2599	2597	2
2600	2598	37
2601	2599	10
2602	2600	2
2603	2601	10
2604	2602	51
2605	2603	10
2606	2604	12
2607	2605	10
2608	2606	14
2609	2607	52
2610	2608	16
2611	2609	72
2612	2610	28
2613	2611	71
2614	2612	59
2615	2613	9
2616	2614	58
2617	2615	53
2618	2616	48
2619	2617	59
2620	2618	21
2621	2619	1
2622	2620	79
2623	2621	8
2624	2622	46
2625	2623	16
2626	2624	6
2627	2625	33
2628	2626	43
2629	2627	26
2630	2628	92
2631	2629	59
2632	2630	79
2633	2631	19
2634	2632	23
2635	2633	87
2636	2634	59
2637	2635	76
2638	2636	1
2639	2637	30
2640	2638	21
2641	2639	12
2642	2640	8
2643	2641	23
2644	2642	5
2645	2643	85
2646	2644	11
2647	2645	42
2648	2646	37
2649	2647	59
2650	2648	33
2651	2649	14
2652	2650	2
2653	2651	2
2654	2652	11
2655	2653	33
2656	2654	93
2657	2655	6
2658	2656	81
2659	2657	24
2660	2658	40
2661	2659	31
2662	2660	25
2663	2661	16
2664	2662	44
2665	2663	24
2666	2664	57
2667	2665	80
2668	2666	24
2669	2667	85
2670	2668	29
2671	2669	19
2672	2670	25
2673	2671	41
2674	2672	65
2675	2673	83
2676	2674	34
2677	2675	100
2678	2676	27
2679	2677	50
2680	2678	44
2681	2679	17
2682	2680	67
2683	2681	89
2684	2682	81
2685	2683	75
2686	2684	51
2687	2685	67
2688	2686	37
2689	2687	40
2690	2688	97
2691	2689	48
2692	2690	12
2693	2691	11
2694	2692	58
2695	2693	28
2696	2694	90
2697	2695	47
2698	2696	56
2699	2697	19
2700	2698	55
2701	2699	60
2702	2700	31
2703	2701	31
2704	2702	89
2705	2703	87
2706	2704	2
2707	2705	26
2708	2706	12
2709	2707	99
2710	2708	60
2711	2709	68
2712	2710	2
2713	2711	13
2714	2712	20
2715	2713	48
2716	2714	15
2717	2715	100
2718	2716	88
2719	2717	6
2720	2718	71
2721	2719	11
2722	2720	51
2723	2721	5
2724	2722	86
2725	2723	59
2726	2724	96
2727	2725	52
2728	2726	76
2729	2727	38
2730	2728	5
2731	2729	52
2732	2730	54
2733	2731	88
2734	2732	24
2735	2733	25
2736	2734	79
2737	2735	28
2738	2736	36
2739	2737	73
2740	2738	56
2741	2739	51
2742	2740	5
2743	2741	34
2744	2742	96
2745	2743	26
2746	2744	68
2747	2745	54
2748	2746	67
2749	2747	58
2750	2748	53
2751	2749	31
2752	2750	9
2753	2751	28
2754	2752	98
2755	2753	85
2756	2754	70
2757	2755	96
2758	2756	67
2759	2757	67
2760	2758	31
2761	2759	92
2762	2760	64
2763	2761	4
2764	2762	35
2765	2763	31
2766	2764	83
2767	2765	29
2768	2766	67
2769	2767	95
2770	2768	28
2771	2769	74
2772	2770	28
2773	2771	38
2774	2772	91
2775	2773	8
2776	2774	90
2777	2775	5
2778	2776	22
2779	2777	16
2780	2778	59
2781	2779	15
2782	2780	25
2783	2781	88
2784	2782	81
2785	2783	34
2786	2784	74
2787	2785	68
2788	2786	2
2789	2787	40
2790	2788	72
2791	2789	87
2792	2790	44
2793	2791	26
2794	2792	25
2795	2793	47
2796	2794	40
2797	2795	48
2798	2796	83
2799	2797	100
2800	2798	88
2801	2799	1
2802	2800	67
2803	2801	47
2804	2802	62
2805	2803	37
2806	2804	3
2807	2805	21
2808	2806	1
2809	2807	51
2810	2808	59
2811	2809	29
2812	2810	34
2813	2811	24
2814	2812	47
2815	2813	25
2816	2814	9
2817	2815	20
2818	2816	62
2819	2817	2
2820	2818	22
2821	2819	84
2822	2820	8
2823	2821	81
2824	2822	88
2825	2823	15
2826	2824	32
2827	2825	49
2828	2826	46
2829	2827	39
2830	2828	2
2831	2829	8
2832	2830	41
2833	2831	33
2834	2832	33
2835	2833	45
2836	2834	84
2837	2835	19
2838	2836	85
2839	2837	89
2840	2838	54
2841	2839	3
2842	2840	77
2843	2841	17
2844	2842	45
2845	2843	20
2846	2844	20
2847	2845	10
2848	2846	11
2849	2847	36
2850	2848	9
2851	2849	19
2852	2850	53
2853	2851	61
2854	2852	47
2855	2853	11
2856	2854	74
2857	2855	16
2858	2856	29
2859	2857	60
2860	2858	88
2861	2859	81
2862	2860	56
2863	2861	59
2864	2862	1
2865	2863	10
2866	2864	60
2867	2865	68
2868	2866	3
2869	2867	38
2870	2868	3
2871	2869	18
2872	2870	83
2873	2871	4
2874	2872	61
2875	2873	74
2876	2874	11
2877	2875	16
2878	2876	3
2879	2877	53
2880	2878	59
2881	2879	38
2882	2880	18
2883	2881	100
2884	2882	31
2885	2883	74
2886	2884	19
2887	2885	18
2888	2886	89
2889	2887	60
2890	2888	22
2891	2889	17
2892	2890	87
2893	2891	3
2894	2892	32
2895	2893	13
2896	2894	82
2897	2895	89
2898	2896	16
2899	2897	47
2900	2898	86
2901	2899	10
2902	2900	1
2903	2901	94
2904	2902	27
2905	2903	80
2906	2904	43
2907	2905	89
2908	2906	1
2909	2907	5
2910	2908	13
2911	2909	82
2912	2910	59
2913	2911	17
2914	2912	4
2915	2913	47
2916	2914	77
2917	2915	17
2918	2916	32
2919	2917	28
2920	2918	21
2921	2919	88
2922	2920	50
2923	2921	98
2924	2922	13
2925	2923	53
2926	2924	99
2927	2925	2
2928	2926	35
2929	2927	81
2930	2928	72
2931	2929	11
2932	2930	74
2933	2931	17
2934	2932	54
2935	2933	45
2936	2934	20
2937	2935	70
2938	2936	82
2939	2937	58
2940	2938	33
2941	2939	13
2942	2940	95
2943	2941	41
2944	2942	29
2945	2943	66
2946	2944	2
2947	2945	3
2948	2946	96
2949	2947	47
2950	2948	12
2951	2949	24
2952	2950	34
2953	2951	28
2954	2952	47
2955	2953	61
2956	2954	48
2957	2955	24
2958	2956	26
2959	2957	28
2960	2958	4
2961	2959	45
2962	2960	9
2963	2961	42
2964	2962	27
2965	2963	86
2966	2964	11
2967	2965	83
2968	2966	29
2969	2967	17
2970	2968	43
2971	2969	79
2972	2970	10
2973	2971	29
2974	2972	40
2975	2973	21
2976	2974	54
2977	2975	53
2978	2976	62
2979	2977	15
2980	2978	39
2981	2979	32
2982	2980	93
2983	2981	47
2984	2982	38
2985	2983	32
2986	2984	78
2987	2985	75
2988	2986	8
2989	2987	61
2990	2988	99
2991	2989	36
2992	2990	2
2993	2991	4
2994	2992	8
2995	2993	2
2996	2994	27
2997	2995	46
2998	2996	78
2999	2997	34
3000	2998	42
3001	2999	98
3002	3000	31
3003	3001	63
3004	3002	13
3005	3003	13
3006	3004	7
3007	3005	94
3008	3006	18
3009	3007	37
3010	3008	35
3011	3009	82
3012	3010	23
3013	3011	12
3014	3012	81
3015	3013	44
3016	3014	6
3017	3015	32
3018	3016	45
3019	3017	25
3020	3018	73
3021	3019	26
3022	3020	89
3023	3021	40
3024	3022	74
3025	3023	36
3026	3024	67
3027	3025	81
3028	3026	96
3029	3027	64
3030	3028	39
3031	3029	58
3032	3030	94
3033	3031	28
3034	3032	60
3035	3033	52
3036	3034	82
3037	3035	67
3038	3036	39
3039	3037	94
3040	3038	60
3041	3039	39
3042	3040	84
3043	3041	67
3044	3042	100
3045	3043	73
3046	3044	47
3047	3045	12
3048	3046	23
3049	3047	75
3050	3048	17
3051	3049	22
3052	3050	60
3053	3051	96
3054	3052	14
3055	3053	77
3056	3054	4
3057	3055	17
3058	3056	69
3059	3057	4
3060	3058	23
3061	3059	24
3062	3060	4
3063	3061	47
3064	3062	68
3065	3063	25
3066	3064	73
3067	3065	97
3068	3066	28
3069	3067	9
3070	3068	27
3071	3069	3
3072	3070	41
3073	3071	19
3074	3072	93
3075	3073	46
3076	3074	80
3077	3075	49
3078	3076	26
3079	3077	14
3080	3078	48
3081	3079	4
3082	3080	88
3083	3081	14
3084	3082	55
3085	3083	1
3086	3084	9
3087	3085	54
3088	3086	93
3089	3087	96
3090	3088	52
3091	3089	60
3092	3090	65
3093	3091	96
3094	3092	25
3095	3093	12
3096	3094	27
3097	3095	52
3098	3096	76
3099	3097	73
3100	3098	86
3101	3099	83
3102	3100	84
3103	3101	79
3104	3102	87
3105	3103	95
3106	3104	29
3107	3105	19
3108	3106	35
3109	3107	35
3110	3108	91
3111	3109	17
3112	3110	10
3113	3111	73
3114	3112	44
3115	3113	25
3116	3114	27
3117	3115	85
3118	3116	35
3119	3117	30
3120	3118	5
3121	3119	37
3122	3120	14
3123	3121	47
3124	3122	97
3125	3123	77
3126	3124	46
3127	3125	14
3128	3126	16
3129	3127	2
3130	3128	68
3131	3129	54
3132	3130	2
3133	3131	39
3134	3132	7
3135	3133	94
3136	3134	88
3137	3135	99
3138	3136	4
3139	3137	39
3140	3138	23
3141	3139	89
3142	3140	9
3143	3141	31
3144	3142	41
3145	3143	97
3146	3144	41
3147	3145	27
3148	3146	13
3149	3147	9
3150	3148	38
3151	3149	47
3152	3150	65
3153	3151	1
3154	3152	39
3155	3153	26
3156	3154	44
3157	3155	85
3158	3156	74
3159	3157	79
3160	3158	38
3161	3159	81
3162	3160	74
3163	3161	100
3164	3162	89
3165	3163	63
3166	3164	80
3167	3165	26
3168	3166	44
3169	3167	45
3170	3168	52
3171	3169	61
3172	3170	78
3173	3171	24
3174	3172	39
3175	3173	90
3176	3174	39
3177	3175	81
3178	3176	28
3179	3177	7
3180	3178	17
3181	3179	94
3182	3180	26
3183	3181	46
3184	3182	12
3185	3183	9
3186	3184	80
3187	3185	21
3188	3186	78
3189	3187	47
3190	3188	12
3191	3189	47
3192	3190	39
3193	3191	15
3194	3192	26
3195	3193	54
3196	3194	66
3197	3195	1
3198	3196	43
3199	3197	54
3200	3198	46
3201	3199	64
3202	3200	26
3203	3201	92
3204	3202	40
3205	3203	100
3206	3204	99
3207	3205	41
3208	3206	55
3209	3207	7
3210	3208	20
3211	3209	56
3212	3210	25
3213	3211	28
3214	3212	88
3215	3213	28
3216	3214	82
3217	3215	83
3218	3216	27
3219	3217	88
3220	3218	1
3221	3219	55
3222	3220	59
3223	3221	14
3224	3222	89
3225	3223	25
3226	3224	47
3227	3225	46
3228	3226	93
3229	3227	80
3230	3228	66
3231	3229	38
3232	3230	52
3233	3231	33
3234	3232	55
3235	3233	20
3236	3234	73
3237	3235	7
3238	3236	9
3239	3237	55
3240	3238	89
3241	3239	27
3242	3240	31
3243	3241	80
3244	3242	25
3245	3243	45
3246	3244	14
3247	3245	15
3248	3246	87
3249	3247	1
3250	3248	78
3251	3249	11
3252	3250	19
3253	3251	38
3254	3252	83
3255	3253	73
3256	3254	25
3257	3255	1
3258	3256	6
3259	3257	1
3260	3258	6
3261	3259	95
3262	3260	46
3263	3261	38
3264	3262	13
3265	3263	45
3266	3264	1
3267	3265	70
3268	3266	61
3269	3267	62
3270	3268	38
3271	3269	18
3272	3270	59
3273	3271	26
3274	3272	73
3275	3273	77
3276	3274	85
3277	3275	8
3278	3276	31
3279	3277	90
3280	3278	23
3281	3279	9
3282	3280	88
3283	3281	63
3284	3282	55
3285	3283	18
3286	3284	21
3287	3285	76
3288	3286	74
3289	3287	29
3290	3288	10
3291	3289	29
3292	3290	46
3293	3291	90
3294	3292	32
3295	3293	20
3296	3294	4
3297	3295	84
3298	3296	57
3299	3297	15
3300	3298	12
3301	3299	49
3302	3300	93
3303	3301	9
3304	3302	22
3305	3303	52
3306	3304	61
3307	3305	14
3308	3306	57
3309	3307	50
3310	3308	22
3311	3309	20
3312	3310	27
3313	3311	36
3314	3312	10
3315	3313	77
3316	3314	66
3317	3315	14
3318	3316	51
3319	3317	66
3320	3318	55
3321	3319	20
3322	3320	5
3323	3321	96
3324	3322	77
3325	3323	26
3326	3324	29
3327	3325	43
3328	3326	53
3329	3327	37
3330	3328	89
3331	3329	1
3332	3330	41
3333	3331	17
3334	3332	65
3335	3333	31
3336	3334	15
3337	3335	20
3338	3336	43
3339	3337	1
3340	3338	38
3341	3339	52
3342	3340	33
3343	3341	10
3344	3342	37
3345	3343	15
3346	3344	4
3347	3345	49
3348	3346	96
3349	3347	58
3350	3348	17
3351	3349	3
3352	3350	34
3353	3351	67
3354	3352	94
3355	3353	5
3356	3354	16
3357	3355	8
3358	3356	5
3359	3357	29
3360	3358	53
3361	3359	62
3362	3360	40
3363	3361	21
3364	3362	61
3365	3363	20
3366	3364	4
3367	3365	19
3368	3366	15
3369	3367	38
3370	3368	98
3371	3369	43
3372	3370	17
3373	3371	12
3374	3372	55
3375	3373	33
3376	3374	15
3377	3375	17
3378	3376	39
3379	3377	57
3380	3378	40
3381	3379	20
3382	3380	39
3383	3381	1
3384	3382	93
3385	3383	3
3386	3384	91
3387	3385	86
3388	3386	3
3389	3387	1
3390	3388	15
3391	3389	19
3392	3390	65
3393	3391	52
3394	3392	96
3395	3393	1
3396	3394	65
3397	3395	100
3398	3396	96
3399	3397	15
3400	3398	34
3401	3399	44
3402	3400	4
3403	3401	5
3404	3402	72
3405	3403	52
3406	3404	31
3407	3405	51
3408	3406	67
3409	3407	7
3410	3408	25
3411	3409	70
3412	3410	67
3413	3411	29
3414	3412	97
3415	3413	68
3416	3414	40
3417	3415	80
3418	3416	7
3419	3417	46
3420	3418	34
3421	3419	38
3422	3420	41
3423	3421	46
3424	3422	48
3425	3423	72
3426	3424	53
3427	3425	6
3428	3426	80
3429	3427	53
3430	3428	9
3431	3429	17
3432	3430	2
3433	3431	14
3434	3432	6
3435	3433	98
3436	3434	35
3437	3435	87
3438	3436	98
3439	3437	90
3440	3438	45
3441	3439	88
3442	3440	88
3443	3441	39
3444	3442	10
3445	3443	83
3446	3444	66
3447	3445	77
3448	3446	44
3449	3447	52
3450	3448	48
3451	3449	12
3452	3450	5
3453	3451	66
3454	3452	38
3455	3453	19
3456	3454	12
3457	3455	66
3458	3456	34
3459	3457	37
3460	3458	52
3461	3459	23
3462	3460	94
3463	3461	52
3464	3462	87
3465	3463	30
3466	3464	6
3467	3465	24
3468	3466	34
3469	3467	6
3470	3468	39
3471	3469	28
3472	3470	75
3473	3471	46
3474	3472	24
3475	3473	28
3476	3474	49
3477	3475	6
3478	3476	40
3479	3477	46
3480	3478	38
3481	3479	87
3482	3480	32
3483	3481	20
3484	3482	34
3485	3483	53
3486	3484	1
3487	3485	6
3488	3486	37
3489	3487	83
3490	3488	78
3491	3489	85
3492	3490	25
3493	3491	64
3494	3492	25
3495	3493	28
3496	3494	97
3497	3495	49
3498	3496	86
3499	3497	12
3500	3498	79
3501	3499	10
3502	3500	14
3503	3501	13
3504	3502	81
3505	3503	74
3506	3504	25
3507	3505	33
3508	3506	4
3509	3507	64
3510	3508	92
3511	3509	63
3512	3510	15
3513	3511	96
3514	3512	12
3515	3513	87
3516	3514	59
3517	3515	24
3518	3516	80
3519	3517	28
3520	3518	10
3521	3519	62
3522	3520	70
3523	3521	36
3524	3522	65
3525	3523	25
3526	3524	8
3527	3525	34
3528	3526	90
3529	3527	55
3530	3528	28
3531	3529	65
3532	3530	89
3533	3531	94
3534	3532	39
3535	3533	18
3536	3534	13
3537	3535	28
3538	3536	17
3539	3537	74
3540	3538	13
3541	3539	93
3542	3540	23
3543	3541	40
3544	3542	45
3545	3543	1
3546	3544	57
3547	3545	76
3548	3546	58
3549	3547	89
3550	3548	84
3551	3549	12
3552	3550	29
3553	3551	4
3554	3552	62
3555	3553	47
3556	3554	13
3557	3555	75
3558	3556	70
3559	3557	60
3560	3558	27
3561	3559	54
3562	3560	17
3563	3561	78
3564	3562	47
3565	3563	36
3566	3564	40
3567	3565	22
3568	3566	38
3569	3567	29
3570	3568	59
3571	3569	2
3572	3570	100
3573	3571	21
3574	3572	60
3575	3573	14
3576	3574	71
3577	3575	97
3578	3576	61
3579	3577	66
3580	3578	80
3581	3579	93
3582	3580	32
3583	3581	53
3584	3582	8
3585	3583	49
3586	3584	26
3587	3585	72
3588	3586	4
3589	3587	5
3590	3588	30
3591	3589	1
3592	3590	82
3593	3591	59
3594	3592	8
3595	3593	42
3596	3594	81
3597	3595	18
3598	3596	31
3599	3597	80
3600	3598	1
3601	3599	5
3602	3600	54
3603	3601	84
3604	3602	8
3605	3603	94
3606	3604	53
3607	3605	55
3608	3606	9
3609	3607	1
3610	3608	63
3611	3609	23
3612	3610	24
3613	3611	88
3614	3612	47
3615	3613	82
3616	3614	6
3617	3615	18
3618	3616	83
3619	3617	84
3620	3618	47
3621	3619	32
3622	3620	37
3623	3621	18
3624	3622	24
3625	3623	17
3626	3624	77
3627	3625	23
3628	3626	43
3629	3627	39
3630	3628	28
3631	3629	5
3632	3630	64
3633	3631	35
3634	3632	67
3635	3633	66
3636	3634	63
3637	3635	30
3638	3636	59
3639	3637	95
3640	3638	87
3641	3639	17
3642	3640	77
3643	3641	76
3644	3642	19
3645	3643	66
3646	3644	89
3647	3645	87
3648	3646	19
3649	3647	47
3650	3648	3
3651	3649	12
3652	3650	38
3653	3651	24
3654	3652	28
3655	3653	61
3656	3654	23
3657	3655	31
3658	3656	75
3659	3657	22
3660	3658	45
3661	3659	82
3662	3660	36
3663	3661	2
3664	3662	48
3665	3663	13
3666	3664	94
3667	3665	25
3668	3666	40
3669	3667	23
3670	3668	81
3671	3669	76
3672	3670	55
3673	3671	26
3674	3672	88
3675	3673	33
3676	3674	23
3677	3675	51
3678	3676	87
3679	3677	89
3680	3678	14
3681	3679	21
3682	3680	90
3683	3681	17
3684	3682	57
3685	3683	16
3686	3684	42
3687	3685	75
3688	3686	58
3689	3687	85
3690	3688	59
3691	3689	45
3692	3690	18
3693	3691	18
3694	3692	69
3695	3693	46
3696	3694	89
3697	3695	68
3698	3696	24
3699	3697	74
3700	3698	53
3701	3699	19
3702	3700	24
3703	3701	50
3704	3702	46
3705	3703	4
3706	3704	66
3707	3705	33
3708	3706	35
3709	3707	16
3710	3708	16
3711	3709	30
3712	3710	69
3713	3711	76
3714	3712	5
3715	3713	54
3716	3714	44
3717	3715	66
3718	3716	32
3719	3717	84
3720	3718	100
3721	3719	29
3722	3720	84
3723	3721	62
3724	3722	66
3725	3723	60
3726	3724	32
3727	3725	11
3728	3726	27
3729	3727	57
3730	3728	13
3731	3729	99
3732	3730	5
3733	3731	36
3734	3732	4
3735	3733	85
3736	3734	1
3737	3735	81
3738	3736	6
3739	3737	38
3740	3738	80
3741	3739	90
3742	3740	24
3743	3741	94
3744	3742	27
3745	3743	80
3746	3744	60
3747	3745	25
3748	3746	17
3749	3747	54
3750	3748	80
3751	3749	89
3752	3750	15
3753	3751	53
3754	3752	36
3755	3753	21
3756	3754	87
3757	3755	22
3758	3756	36
3759	3757	9
3760	3758	11
3761	3759	53
3762	3760	95
3763	3761	22
3764	3762	54
3765	3763	34
3766	3764	41
3767	3765	62
3768	3766	11
3769	3767	35
3770	3768	41
3771	3769	26
3772	3770	1
3773	3771	40
3774	3772	4
3775	3773	17
3776	3774	22
3777	3775	20
3778	3776	95
3779	3777	16
3780	3778	32
3781	3779	18
3782	3780	64
3783	3781	6
3784	3782	65
3785	3783	76
3786	3784	28
3787	3785	82
3788	3786	41
3789	3787	10
3790	3788	73
3791	3789	11
3792	3790	82
3793	3791	59
3794	3792	77
3795	3793	43
3796	3794	47
3797	3795	20
3798	3796	86
3799	3797	13
3800	3798	89
3801	3799	4
3802	3800	19
3803	3801	23
3804	3802	36
3805	3803	60
3806	3804	79
3807	3805	27
3808	3806	55
3809	3807	8
3810	3808	33
3811	3809	45
3812	3810	45
3813	3811	7
3814	3812	31
3815	3813	49
3816	3814	97
3817	3815	70
3818	3816	35
3819	3817	80
3820	3818	80
3821	3819	91
3822	3820	59
3823	3821	36
3824	3822	40
3825	3823	10
3826	3824	72
3827	3825	99
3828	3826	76
3829	3827	34
3830	3828	87
3831	3829	68
3832	3830	8
3833	3831	4
3834	3832	53
3835	3833	38
3836	3834	3
3837	3835	66
3838	3836	41
3839	3837	18
3840	3838	63
3841	3839	30
3842	3840	35
3843	3841	15
3844	3842	27
3845	3843	40
3846	3844	85
3847	3845	42
3848	3846	80
3849	3847	6
3850	3848	24
3851	3849	61
3852	3850	56
3853	3851	30
3854	3852	34
3855	3853	38
3856	3854	7
3857	3855	74
3858	3856	90
3859	3857	69
3860	3858	10
3861	3859	95
3862	3860	98
3863	3861	69
3864	3862	41
3865	3863	17
3866	3864	76
3867	3865	89
3868	3866	10
3869	3867	49
3870	3868	32
3871	3869	9
3872	3870	29
3873	3871	2
3874	3872	16
3875	3873	2
3876	3874	34
3877	3875	1
3878	3876	28
3879	3877	40
3880	3878	91
3881	3879	32
3882	3880	6
3883	3881	12
3884	3882	81
3885	3883	14
3886	3884	58
3887	3885	9
3888	3886	63
3889	3887	15
3890	3888	30
3891	3889	55
3892	3890	55
3893	3891	37
3894	3892	96
3895	3893	2
3896	3894	100
3897	3895	7
3898	3896	20
3899	3897	38
3900	3898	18
3901	3899	60
3902	3900	49
3903	3901	87
3904	3902	45
3905	3903	6
3906	3904	94
3907	3905	61
3908	3906	64
3909	3907	19
3910	3908	92
3911	3909	3
3912	3910	49
3913	3911	61
3914	3912	5
3915	3913	99
3916	3914	68
3917	3915	94
3918	3916	46
3919	3917	33
3920	3918	60
3921	3919	15
3922	3920	90
3923	3921	91
3924	3922	51
3925	3923	1
3926	3924	45
3927	3925	11
3928	3926	39
3929	3927	12
3930	3928	37
3931	3929	38
3932	3930	32
3933	3931	1
3934	3932	90
3935	3933	4
3936	3934	42
3937	3935	94
3938	3936	54
3939	3937	55
3940	3938	20
3941	3939	7
3942	3940	12
3943	3941	45
3944	3942	10
3945	3943	47
3946	3944	24
3947	3945	21
3948	3946	29
3949	3947	23
3950	3948	59
3951	3949	39
3952	3950	32
3953	3951	16
3954	3952	31
3955	3953	68
3956	3954	23
3957	3955	5
3958	3956	77
3959	3957	55
3960	3958	2
3961	3959	37
3962	3960	15
3963	3961	97
3964	3962	81
3965	3963	14
3966	3964	18
3967	3965	97
3968	3966	42
3969	3967	33
3970	3968	7
3971	3969	51
3972	3970	82
3973	3971	88
3974	3972	80
3975	3973	29
3976	3974	17
3977	3975	9
3978	3976	43
3979	3977	9
3980	3978	5
3981	3979	80
3982	3980	45
3983	3981	84
3984	3982	7
3985	3983	48
3986	3984	47
3987	3985	65
3988	3986	50
3989	3987	99
3990	3988	21
3991	3989	29
3992	3990	89
3993	3991	97
3994	3992	46
3995	3993	6
3996	3994	26
3997	3995	37
3998	3996	92
3999	3997	16
4000	3998	17
4001	3999	60
4002	4000	68
4003	4001	25
4004	4002	39
4005	4003	20
4006	4004	52
4007	4005	30
4008	4006	4
4009	4007	80
4010	4008	64
4011	4009	33
4012	4010	39
4013	4011	21
4014	4012	49
4015	4013	52
4016	4014	67
4017	4015	1
4018	4016	99
4019	4017	22
4020	4018	7
4021	4019	73
4022	4020	8
4023	4021	51
4024	4022	77
4025	4023	36
4026	4024	85
4027	4025	88
4028	4026	88
4029	4027	74
4030	4028	67
4031	4029	68
4032	4030	54
4033	4031	34
4034	4032	13
4035	4033	56
4036	4034	88
4037	4035	8
4038	4036	41
4039	4037	59
4040	4038	65
4041	4039	2
4042	4040	34
4043	4041	47
4044	4042	44
4045	4043	20
4046	4044	21
4047	4045	11
4048	4046	32
4049	4047	89
4050	4048	83
4051	4049	60
4052	4050	11
4053	4051	13
4054	4052	30
4055	4053	5
4056	4054	51
4057	4055	18
4058	4056	68
4059	4057	78
4060	4058	48
4061	4059	32
4062	4060	13
4063	4061	21
4064	4062	75
4065	4063	66
4066	4064	85
4067	4065	75
4068	4066	87
4069	4067	8
4070	4068	3
4071	4069	53
4072	4070	48
4073	4071	52
4074	4072	25
4075	4073	44
4076	4074	26
4077	4075	46
4078	4076	80
4079	4077	66
4080	4078	50
4081	4079	84
4082	4080	35
4083	4081	44
4084	4082	96
4085	4083	26
4086	4084	11
4087	4085	44
4088	4086	26
4089	4087	30
4090	4088	24
4091	4089	66
4092	4090	5
4093	4091	73
4094	4092	73
4095	4093	12
4096	4094	29
4097	4095	76
4098	4096	52
4099	4097	81
4100	4098	5
4101	4099	68
4102	4100	39
4103	4101	3
4104	4102	9
4105	4103	37
4106	4104	75
4107	4105	4
4108	4106	67
4109	4107	95
4110	4108	14
4111	4109	51
4112	4110	11
4113	4111	31
4114	4112	2
4115	4113	52
4116	4114	29
4117	4115	87
4118	4116	17
4119	4117	63
4120	4118	14
4121	4119	8
4122	4120	12
4123	4121	26
4124	4122	44
4125	4123	42
4126	4124	94
4127	4125	68
4128	4126	11
4129	4127	1
4130	4128	22
4131	4129	70
4132	4130	14
4133	4131	69
4134	4132	91
4135	4133	12
4136	4134	95
4137	4135	8
4138	4136	32
4139	4137	42
4140	4138	27
4141	4139	46
4142	4140	33
4143	4141	45
4144	4142	81
4145	4143	14
4146	4144	21
4147	4145	96
4148	4146	19
4149	4147	17
4150	4148	41
4151	4149	39
4152	4150	33
4153	4151	68
4154	4152	51
4155	4153	32
4156	4154	19
4157	4155	1
4158	4156	36
4159	4157	42
4160	4158	28
4161	4159	4
4162	4160	66
4163	4161	32
4164	4162	61
4165	4163	47
4166	4164	90
4167	4165	87
4168	4166	76
4169	4167	93
4170	4168	61
4171	4169	71
4172	4170	13
4173	4171	57
4174	4172	80
4175	4173	72
4176	4174	31
4177	4175	32
4178	4176	38
4179	4177	42
4180	4178	19
4181	4179	80
4182	4180	2
4183	4181	24
4184	4182	47
4185	4183	22
4186	4184	61
4187	4185	14
4188	4186	14
4189	4187	97
4190	4188	10
4191	4189	48
4192	4190	33
4193	4191	1
4194	4192	62
4195	4193	81
4196	4194	56
4197	4195	31
4198	4196	24
4199	4197	39
4200	4198	12
4201	4199	87
4202	4200	55
4203	4201	66
4204	4202	45
4205	4203	17
4206	4204	24
4207	4205	95
4208	4206	34
4209	4207	27
4210	4208	47
4211	4209	83
4212	4210	67
4213	4211	45
4214	4212	23
4215	4213	85
4216	4214	81
4217	4215	91
4218	4216	4
4219	4217	62
4220	4218	59
4221	4219	53
4222	4220	20
4223	4221	1
4224	4222	43
4225	4223	45
4226	4224	5
4227	4225	25
4228	4226	88
4229	4227	18
4230	4228	87
4231	4229	10
4232	4230	7
4233	4231	80
4234	4232	81
4235	4233	32
4236	4234	21
4237	4235	28
4238	4236	38
4239	4237	38
4240	4238	26
4241	4239	84
4242	4240	69
4243	4241	40
4244	4242	73
4245	4243	79
4246	4244	65
4247	4245	45
4248	4246	26
4249	4247	8
4250	4248	63
4251	4249	48
4252	4250	45
4253	4251	59
4254	4252	14
4255	4253	86
4256	4254	31
4257	4255	34
4258	4256	6
4259	4257	23
4260	4258	56
4261	4259	53
4262	4260	77
4263	4261	8
4264	4262	75
4265	4263	87
4266	4264	66
4267	4265	28
4268	4266	28
4269	4267	60
4270	4268	25
4271	4269	76
4272	4270	34
4273	4271	41
4274	4272	41
4275	4273	5
4276	4274	4
4277	4275	21
4278	4276	26
4279	4277	29
4280	4278	31
4281	4279	21
4282	4280	41
4283	4281	18
4284	4282	39
4285	4283	8
4286	4284	34
4287	4285	20
4288	4286	45
4289	4287	80
4290	4288	40
4291	4289	72
4292	4290	13
4293	4291	11
4294	4292	66
4295	4293	7
4296	4294	5
4297	4295	19
4298	4296	98
4299	4297	56
4300	4298	53
4301	4299	35
4302	4300	87
4303	4301	5
4304	4302	24
4305	4303	35
4306	4304	13
4307	4305	74
4308	4306	95
4309	4307	20
4310	4308	19
4311	4309	5
4312	4310	10
4313	4311	20
4314	4312	86
4315	4313	31
4316	4314	12
4317	4315	66
4318	4316	1
4319	4317	31
4320	4318	35
4321	4319	16
4322	4320	12
4323	4321	39
4324	4322	26
4325	4323	69
4326	4324	40
4327	4325	40
4328	4326	42
4329	4327	33
4330	4328	3
4331	4329	10
4332	4330	45
4333	4331	11
4334	4332	7
4335	4333	99
4336	4334	28
4337	4335	57
4338	4336	28
4339	4337	28
4340	4338	22
4341	4339	75
4342	4340	27
4343	4341	91
4344	4342	20
4345	4343	68
4346	4344	74
4347	4345	10
4348	4346	13
4349	4347	89
4350	4348	46
4351	4349	52
4352	4350	49
4353	4351	59
4354	4352	6
4355	4353	55
4356	4354	17
4357	4355	59
4358	4356	60
4359	4357	94
4360	4358	50
4361	4359	71
4362	4360	74
4363	4361	24
4364	4362	38
4365	4363	84
4366	4364	21
4367	4365	30
4368	4366	87
4369	4367	92
4370	4368	66
4371	4369	74
4372	4370	71
4373	4371	53
4374	4372	45
4375	4373	45
4376	4374	89
4377	4375	15
4378	4376	65
4379	4377	18
4380	4378	22
4381	4379	39
4382	4380	61
4383	4381	28
4384	4382	95
4385	4383	48
4386	4384	21
4387	4385	51
4388	4386	30
4389	4387	17
4390	4388	40
4391	4389	35
4392	4390	22
4393	4391	9
4394	4392	25
4395	4393	31
4396	4394	43
4397	4395	19
4398	4396	13
4399	4397	22
4400	4398	29
4401	4399	3
4402	4400	52
4403	4401	17
4404	4402	86
4405	4403	30
4406	4404	8
4407	4405	40
4408	4406	54
4409	4407	25
4410	4408	64
4411	4409	1
4412	4410	95
4413	4411	31
4414	4412	91
4415	4413	82
4416	4414	81
4417	4415	17
4418	4416	30
4419	4417	8
4420	4418	41
4421	4419	22
4422	4420	14
4423	4421	70
4424	4422	69
4425	4423	86
4426	4424	1
4427	4425	79
4428	4426	94
4429	4427	14
4430	4428	9
4431	4429	83
4432	4430	96
4433	4431	67
4434	4432	87
4435	4433	16
4436	4434	66
4437	4435	52
4438	4436	75
4439	4437	67
4440	4438	46
4441	4439	62
4442	4440	40
4443	4441	75
4444	4442	72
4445	4443	52
4446	4444	45
4447	4445	40
4448	4446	91
4449	4447	32
4450	4448	2
4451	4449	47
4452	4450	4
4453	4451	45
4454	4452	50
4455	4453	92
4456	4454	84
4457	4455	5
4458	4456	92
4459	4457	94
4460	4458	5
4461	4459	20
4462	4460	59
4463	4461	11
4464	4462	28
4465	4463	29
4466	4464	94
4467	4465	80
4468	4466	38
4469	4467	96
4470	4468	83
4471	4469	15
4472	4470	35
4473	4471	15
4474	4472	19
4475	4473	69
4476	4474	3
4477	4475	3
4478	4476	14
4479	4477	45
4480	4478	21
4481	4479	25
4482	4480	39
4483	4481	19
4484	4482	54
4485	4483	88
4486	4484	48
4487	4485	18
4488	4486	66
4489	4487	45
4490	4488	13
4491	4489	42
4492	4490	70
4493	4491	35
4494	4492	48
4495	4493	56
4496	4494	27
4497	4495	55
4498	4496	36
4499	4497	57
4500	4498	30
4501	4499	5
4502	4500	8
4503	4501	47
4504	4502	48
4505	4503	4
4506	4504	56
4507	4505	74
4508	4506	48
4509	4507	30
4510	4508	89
4511	4509	28
4512	4510	11
4513	4511	7
4514	4512	54
4515	4513	92
4516	4514	95
4517	4515	5
4518	4516	55
4519	4517	22
4520	4518	45
4521	4519	5
4522	4520	10
4523	4521	70
4524	4522	91
4525	4523	88
4526	4524	29
4527	4525	59
4528	4526	74
4529	4527	79
4530	4528	66
4531	4529	45
4532	4530	50
4533	4531	95
4534	4532	16
4535	4533	82
4536	4534	44
4537	4535	16
4538	4536	9
4539	4537	66
4540	4538	45
4541	4539	48
4542	4540	54
4543	4541	54
4544	4542	6
4545	4543	72
4546	4544	30
4547	4545	46
4548	4546	11
4549	4547	78
4550	4548	14
4551	4549	45
4552	4550	85
4553	4551	38
4554	4552	21
4555	4553	11
4556	4554	71
4557	4555	15
4558	4556	95
4559	4557	89
4560	4558	4
4561	4559	9
4562	4560	3
4563	4561	83
4564	4562	15
4565	4563	59
4566	4564	87
4567	4565	3
4568	4566	26
4569	4567	34
4570	4568	66
4571	4569	91
4572	4570	61
4573	4571	96
4574	4572	41
4575	4573	57
4576	4574	38
4577	4575	12
4578	4576	74
4579	4577	48
4580	4578	99
4581	4579	97
4582	4580	93
4583	4581	12
4584	4582	1
4585	4583	12
4586	4584	38
4587	4585	31
4588	4586	86
4589	4587	4
4590	4588	11
4591	4589	94
4592	4590	1
4593	4591	4
4594	4592	27
4595	4593	50
4596	4594	13
4597	4595	37
4598	4596	91
4599	4597	82
4600	4598	47
4601	4599	53
4602	4600	16
4603	4601	6
4604	4602	82
4605	4603	19
4606	4604	45
4607	4605	38
4608	4606	77
4609	4607	54
4610	4608	95
4611	4609	6
4612	4610	78
4613	4611	61
4614	4612	27
4615	4613	12
4616	4614	86
4617	4615	14
4618	4616	90
4619	4617	52
4620	4618	25
4621	4619	68
4622	4620	88
4623	4621	82
4624	4622	55
4625	4623	68
4626	4624	79
4627	4625	25
4628	4626	80
4629	4627	3
4630	4628	40
4631	4629	100
4632	4630	22
4633	4631	1
4634	4632	66
4635	4633	53
4636	4634	1
4637	4635	18
4638	4636	99
4639	4637	30
4640	4638	62
4641	4639	71
4642	4640	75
4643	4641	52
4644	4642	6
4645	4643	51
4646	4644	46
4647	4645	31
4648	4646	78
4649	4647	35
4650	4648	10
4651	4649	21
4652	4650	100
4653	4651	35
4654	4652	2
4655	4653	21
4656	4654	69
4657	4655	33
4658	4656	95
4659	4657	66
4660	4658	64
4661	4659	28
4662	4660	31
4663	4661	66
4664	4662	18
4665	4663	75
4666	4664	45
4667	4665	11
4668	4666	60
4669	4667	40
4670	4668	22
4671	4669	54
4672	4670	53
4673	4671	6
4674	4672	95
4675	4673	9
4676	4674	69
4677	4675	43
4678	4676	78
4679	4677	13
4680	4678	19
4681	4679	87
4682	4680	31
4683	4681	25
4684	4682	13
4685	4683	41
4686	4684	36
4687	4685	17
4688	4686	24
4689	4687	19
4690	4688	15
4691	4689	7
4692	4690	38
4693	4691	82
4694	4692	20
4695	4693	58
4696	4694	33
4697	4695	15
4698	4696	50
4699	4697	89
4700	4698	13
4701	4699	79
4702	4700	95
4703	4701	31
4704	4702	95
4705	4703	33
4706	4704	7
4707	4705	23
4708	4706	2
4709	4707	47
4710	4708	13
4711	4709	38
4712	4710	32
4713	4711	51
4714	4712	2
4715	4713	12
4716	4714	93
4717	4715	38
4718	4716	1
4719	4717	21
4720	4718	52
4721	4719	30
4722	4720	21
4723	4721	45
4724	4722	41
4725	4723	6
4726	4724	47
4727	4725	23
4728	4726	88
4729	4727	58
4730	4728	15
4731	4729	81
4732	4730	50
4733	4731	40
4734	4732	87
4735	4733	59
4736	4734	37
4737	4735	49
4738	4736	79
4739	4737	6
4740	4738	83
4741	4739	46
4742	4740	3
4743	4741	18
4744	4742	47
4745	4743	13
4746	4744	84
4747	4745	55
4748	4746	41
4749	4747	26
4750	4748	59
4751	4749	80
4752	4750	14
4753	4751	87
4754	4752	37
4755	4753	52
4756	4754	26
4757	4755	59
4758	4756	42
4759	4757	74
4760	4758	25
4761	4759	13
4762	4760	10
4763	4761	68
4764	4762	20
4765	4763	49
4766	4764	27
4767	4765	66
4768	4766	4
4769	4767	29
4770	4768	10
4771	4769	31
4772	4770	6
4773	4771	20
4774	4772	46
4775	4773	45
4776	4774	52
4777	4775	6
4778	4776	33
4779	4777	89
4780	4778	86
4781	4779	92
4782	4780	21
4783	4781	5
4784	4782	79
4785	4783	96
4786	4784	11
4787	4785	42
4788	4786	95
4789	4787	18
4790	4788	9
4791	4789	94
4792	4790	78
4793	4791	73
4794	4792	60
4795	4793	17
4796	4794	10
4797	4795	62
4798	4796	45
4799	4797	6
4800	4798	98
4801	4799	1
4802	4800	4
4803	4801	49
4804	4802	20
4805	4803	91
4806	4804	22
4807	4805	6
4808	4806	95
4809	4807	75
4810	4808	62
4811	4809	73
4812	4810	41
4813	4811	11
4814	4812	32
4815	4813	30
4816	4814	70
4817	4815	46
4818	4816	24
4819	4817	38
4820	4818	58
4821	4819	39
4822	4820	62
4823	4821	33
4824	4822	19
4825	4823	61
4826	4824	66
4827	4825	87
4828	4826	73
4829	4827	44
4830	4828	68
4831	4829	51
4832	4830	3
4833	4831	30
4834	4832	11
4835	4833	54
4836	4834	70
4837	4835	82
4838	4836	59
4839	4837	29
4840	4838	61
4841	4839	39
4842	4840	15
4843	4841	9
4844	4842	17
4845	4843	22
4846	4844	45
4847	4845	89
4848	4846	1
4849	4847	92
4850	4848	61
4851	4849	33
4852	4850	5
4853	4851	1
4854	4852	94
4855	4853	46
4856	4854	56
4857	4855	61
4858	4856	86
4859	4857	94
4860	4858	56
4861	4859	96
4862	4860	68
4863	4861	73
4864	4862	49
4865	4863	59
4866	4864	41
4867	4865	54
4868	4866	67
4869	4867	16
4870	4868	52
4871	4869	60
4872	4870	70
4873	4871	43
4874	4872	90
4875	4873	33
4876	4874	49
4877	4875	19
4878	4876	83
4879	4877	10
4880	4878	55
4881	4879	75
4882	4880	61
4883	4881	4
4884	4882	7
4885	4883	8
4886	4884	41
4887	4885	29
4888	4886	99
4889	4887	58
4890	4888	2
4891	4889	12
4892	4890	18
4893	4891	56
4894	4892	31
4895	4893	5
4896	4894	26
4897	4895	21
4898	4896	34
4899	4897	20
4900	4898	46
4901	4899	78
4902	4900	5
4903	4901	78
4904	4902	88
4905	4903	58
4906	4904	15
4907	4905	36
4908	4906	88
4909	4907	34
4910	4908	72
4911	4909	6
4912	4910	71
4913	4911	20
4914	4912	9
4915	4913	19
4916	4914	39
4917	4915	70
4918	4916	11
4919	4917	3
4920	4918	59
4921	4919	52
4922	4920	22
4923	4921	71
4924	4922	89
4925	4923	11
4926	4924	27
4927	4925	14
4928	4926	78
4929	4927	67
4930	4928	86
4931	4929	3
4932	4930	30
4933	4931	43
4934	4932	41
4935	4933	46
4936	4934	48
4937	4935	25
4938	4936	74
4939	4937	51
4940	4938	42
4941	4939	25
4942	4940	44
4943	4941	25
4944	4942	13
4945	4943	17
4946	4944	37
4947	4945	42
4948	4946	74
4949	4947	79
4950	4948	10
4951	4949	8
4952	4950	38
4953	4951	3
4954	4952	66
4955	4953	39
4956	4954	5
4957	4955	18
4958	4956	26
4959	4957	64
4960	4958	65
4961	4959	19
4962	4960	52
4963	4961	16
4964	4962	8
4965	4963	59
4966	4964	93
4967	4965	14
4968	4966	18
4969	4967	49
4970	4968	94
4971	4969	89
4972	4970	22
4973	4971	8
4974	4972	8
4975	4973	87
4976	4974	15
4977	4975	83
4978	4976	39
4979	4977	54
4980	4978	40
4981	4979	14
4982	4980	72
4983	4981	44
4984	4982	41
4985	4983	16
4986	4984	41
4987	4985	25
4988	4986	82
4989	4987	22
4990	4988	88
4991	4989	92
4992	4990	47
4993	4991	45
4994	4992	12
4995	4993	62
4996	4994	52
4997	4995	16
4998	4996	88
4999	4997	32
5000	4998	92
5001	4999	13