28
29
39
54
59
69
102
138
159
165
173
174
179
180
188
193
198
244
248
249
251
260
261
307
313
321
340
344
350
373
386
394
413
421
426
431
434
472
488
504
549
557
558
562
587
594
621
624
625
628
636
648
661
675
696
703
712
717
719
727
728
738
785
788
795
802
816
820
824
825
843
844
846
848
859
870
876
888
891
897
908
909
922
926
927
929
933
939
945
966
971
982
991
1015
1030
1031
1036
1052
1054
1075
1081
1082
1084
1088
1110
1113
1114
1117
1120
1141
1146
1147
1173
1175
1176
1190
1204
1206
1209
1210
1216
1218
1228
1265
1269
1278
1282
1315
1321
1326
1341
1351
1359
1361
1375
1416
1482
1488
1492
1498
1554
1555
1572
1574
1582
1607
1610
1612
1653
1657
1679
1681
1697
1713
1715
1725
1727
1761
1770
1778
1798
1809
1813
1835
1836
1848
1852
1875
1889
1897
1898
1933
1951
1958
1970
1997
2007
2011
2017
2019
2035
2052
2068
2079
2080
2089
2095
2110
2111
2112
2141
2148
2168
2169
2186
2190
2207
2210
2251
2259
2262
2275
2283
2295
2297
2301
2326
2339
2343
2367
2369
2380
2381
2396
2413
2418
2419
2437
2442
2445
2447
2450
2458
2465
2466
2484
2491
2493
2506
2509
2523
2540
2549
2551
2560
2568
2570
2571
2590
2593
2598
2608
2610
2613
2617
2619
2621
2624
2635
2638
2649
2650
2655
2659
2671
2674
2688
2694
2698
2711
2713
2726
2737
2738
2762
2779
2802
2803
2806
2816
2818
2823
2828
2829
2830
2843
2848
2862
2867
2896
2917
2918
2941
2942
2966
2968
2972
2991
3014
3031
3044
3046
3065
3066
3067
3074
3078
3081
3082
3083
3084
3099
3104
3116
3117
3119
3138
3143
3144
3170
3173
3179
3185
3186
3191
3206
3207
3232
3235
3236
3237
3244
3248
3252
3256
3262
3267
3275
3277
3278
3279
3285
3289
3302
3306
3307
3309
3310
3315
3326
3342
3343
3345
3354
3359
3397
3412
3437
3457
3459
3472
3480
3481
3483
3485
3488
3494
3495
3527
3536
3537
3561
3568
3575
3578
3583
3588
3605
3609
3614
3620
3625
3654
3664
3669
3670
3680
3692
3706
3710
3711
3728
3756
3763
3764
3781
3784
3813
3814
3823
3826
3850
3851
3856
3857
3864
3868
3874
3890
3891
3898
3909
3920
3957
3961
3977
3983
3991
4005
4011
4019
4023
4031
4032
4036
4040
4048
4052
4061
4067
4094
4137
4156
4199
4206
4212
4223
4240
4242
4249
4272
4278
4279
4284
4293
4318
4335
4336
4346
4350
4358
4381
4386
4389
4397
4404
4419
4452
4458
4463
4468
4473
4496
4506
4507
4509
4516
4530
4542
4544
4547
4555
4561
4562
4567
4591
4594
4599
4616
4628
4638
4646
4654
4659
4670
4674
4683
4695
4698
4704
4712
4720
4723
4725
4738
4743
4788
4802
4808
4813
4820
4846
4857
4866
4868
4883
4897
4898
4901
4909
4912
4930
4942
4950
4956
4961
4971
4975
4983
