матрица А: 
10.000000 2.000000 1.000000 1.000000 1.000000 1.000000 1.000000 1.000000 1.000000 1.000000  
2.000000 200.000000 1.000000 1.000000 1.000000 1.000000 1.000000 1.000000 1.000000 0.000000  
1.000000 1.000000 10.000000 1.000000 1.000000 1.000000 1.000000 1.000000 1.000000 0.000000  
1.000000 1.000000 1.000000 10.000000 1.000000 1.000000 1.000000 1.000000 1.000000 0.000000  
1.000000 1.000000 1.000000 1.000000 10.000000 1.000000 1.000000 1.000000 1.000000 0.000000  
1.000000 1.000000 1.000000 1.000000 1.000000 10.000000 1.000000 1.000000 1.000000 0.000000  
1.000000 1.000000 1.000000 1.000000 1.000000 1.000000 10.000000 1.000000 1.000000 0.000000  
1.000000 1.000000 1.000000 1.000000 1.000000 1.000000 1.000000 10.000000 1.000000 0.000000  
1.000000 1.000000 1.000000 1.000000 1.000000 1.000000 1.000000 1.000000 10.000000 0.000000  
1.000000 0.000000 0.000000 0.000000 0.000000 0.000000 0.000000 0.000000 0.000000 2.000000  
 
 
столбец значений: 
1.000000 
1.000000 
1.000000 
1.000000 
100.000000 
1.000000 
1.000000 
0.000000 
1.000000 
0.000000 
 
 
 
столбец приближения: 
0.000000 
0.000000 
0.000000 
0.000000 
-10.000000 
0.000000 
0.000000 
0.000000 
0.000000 
0.000000 
 
 
точность 0.000100 
изначальная невязка 202.353651 
 
 
 
 
 
столбец решений: 
-0.609814 
-0.023099 
-0.578502 
-0.578501 
10.421500 
-0.578499 
-0.578498 
-0.689609 
-0.578498 
0.304907 
 
 
при номере итерации 8 
и невязке  0.000062 
1.000000 
0.000000 
-0.000000 
0.000000 
-0.000000 
0.000000 
-0.000000 
0.000000 
-0.000000 
0.915974 
0.242241 
-0.417029 
0.553041 
-0.517082 
0.330400 
-0.137519 
0.033652 
-0.000015 
0.837629 
0.458190 
-0.775326 
1.022501 
-0.953399 
0.608197 
-0.252869 
0.061832 
-0.000054 
0.764655 
0.649619 
-1.079514 
1.415561 
-1.316210 
0.838252 
-0.348136 
0.085060 
-0.000111 
0.696760 
0.818213 
-1.333968 
1.738989 
-1.612337 
1.025118 
-0.425270 
0.103825 
-0.000181 
0.633660 
0.965578 
-1.542825 
1.999154 
-1.848176 
1.173057 
-0.486096 
0.118580 
-0.000259 
0.575087 
1.093235 
-1.709994 
2.202043 
-2.029720 
1.286052 
-0.532312 
0.129749 
-0.000339 
0.520783 
1.202633 
-1.839161 
2.353279 
-2.162573 
1.367819 
-0.565504 
0.137728 
-0.000420 
0.470501 
1.295143 
-1.933804 
2.458129 
-2.251972 
1.421819 
-0.587144 
0.142881 
-0.000498 
0.424007 
1.372069 
-1.997193 
2.521530 
-2.302798 
1.451271 
-0.598599 
0.145547 
-0.000570 
0.381076 
1.434641 
-2.032408 
2.548094 
-2.319596 
1.459165 
-0.601135 
0.146041 
-0.000635 
0.341495 
1.484027 
-2.042338 
2.542125 
-2.306588 
1.448267 
-0.595923 
0.144652 
-0.000692 
0.305058 
1.521330 
-2.029696 
2.507636 
-2.267691 
1.421139 
-0.584043 
0.141647 
-0.000738 
0.271573 
1.547593 
-1.997020 
2.448359 
-2.206529 
1.380139 
-0.566490 
0.137271 
-0.000775 
0.240853 
1.563797 
-1.946686 
2.367755 
-2.126447 
1.327441 
-0.544174 
0.131748 
-0.000800 
0.212722 
1.570871 
-1.880911 
2.269035 
-2.030529 
1.265037 
-0.517932 
0.125284 
-0.000815 
0.187013 
1.569686 
-1.801763 
2.155164 
-1.921606 
1.194752 
-0.488525 
0.118065 
-0.000818 
0.163567 
1.561064 
-1.711167 
2.028875 
-1.802270 
1.118249 
-0.456646 
0.110261 
-0.000812 
0.142233 
1.545776 
-1.610907 
1.892683 
-1.674892 
1.037040 
-0.422923 
0.102025 
-0.000795 
0.122866 
1.524545 
-1.502641 
1.748893 
-1.541624 
0.952493 
-0.387922 
0.093495 
-0.000768 
0.105332 
1.498048 
-1.387898 
1.599611 
-1.404420 
0.865844 
-0.352153 
0.084795 
-0.000733 
0.089500 
1.466920 
-1.268091 
1.446756 
-1.265042 
0.778200 
-0.316071 
0.076035 
-0.000689 
0.075248 
1.431753 
-1.144518 
1.292069 
-1.125073 
0.690547 
-0.280079 
0.067312 
-0.000639 
0.062462 
1.393098 
-1.018372 
1.137122 
-0.985924 
0.603763 
-0.244533 
0.058713 
-0.000582 
0.051032 
1.351469 
-0.890741 
0.983327 
-0.848850 
0.518617 
-0.209746 
0.050311 
-0.000520 
0.040855 
1.307345 
-0.762618 
0.831947 
-0.714954 
0.435782 
-0.175989 
0.042172 
-0.000454 
0.031832 
1.261167 
-0.634903 
0.684102 
-0.585201 
0.355838 
-0.143492 
0.034351 
-0.000384 
0.023874 
1.213346 
-0.508409 
0.540780 
-0.460421 
0.279281 
-0.112452 
0.026893 
-0.000312 
0.016892 
1.164259 
-0.383868 
0.402842 
-0.341326 
0.206525 
-0.083031 
0.019837 
-0.000239 
0.010806 
1.114254 
-0.261933 
0.271035 
-0.228509 
0.137914 
-0.055361 
0.013212 
-0.000164 
0.005540 
1.063651 
-0.143184 
0.145991 
-0.122460 
0.073718 
-0.029546 
0.007044 
-0.000091 
0.001021 
1.012743 
-0.028132 
0.028244 
-0.023568 
0.014150 
-0.005662 
0.001349 
-0.000018 
-0.002818 
0.961796 
0.082778 
-0.081772 
0.067869 
-0.040639 
0.016236 
-0.003863 
0.000053 
-0.006039 
0.911052 
0.189159 
-0.183710 
0.151636 
-0.090551 
0.036118 
-0.008583 
0.000121 
-0.008702 
0.860732 
0.290686 
-0.277307 
0.227597 
-0.135534 
0.053971 
-0.012812 
0.000186 
-0.010862 
0.811032 
0.387083 
-0.362376 
0.295689 
-0.175584 
0.069802 
-0.016552 
0.000248 
-0.012570 
0.762129 
0.478128 
-0.438802 
0.355910 
-0.210734 
0.083633 
-0.019809 
0.000304 
-0.013873 
0.714182 
0.563643 
-0.506534 
0.408321 
-0.241055 
0.095501 
-0.022594 
0.000357 
-0.014817 
0.667328 
0.643495 
-0.565583 
0.453035 
-0.266649 
0.105456 
-0.024921 
0.000404 
-0.015443 
0.621692 
0.717591 
-0.616014 
0.490215 
-0.287648 
0.113558 
-0.026805 
0.000445 
-0.015788 
0.577377 
0.785874 
-0.657941 
0.520064 
-0.304209 
0.119879 
-0.028263 
0.000481 
-0.015888 
0.534476 
0.848325 
-0.691525 
0.542827 
-0.316512 
0.124498 
-0.029317 
0.000511 
-0.015775 
0.493063 
0.904952 
-0.716967 
0.558781 
-0.324753 
0.127502 
-0.029988 
0.000535 
-0.015480 
0.453204 
0.955796 
-0.734503 
0.568232 
-0.329148 
0.128983 
-0.030300 
0.000553 
-0.015030 
0.414949 
1.000924 
-0.744406 
0.571515 
-0.329926 
0.129039 
-0.030275 
0.000565 
-0.014450 
0.378336 
1.040425 
-0.746972 
0.568982 
-0.327325 
0.127771 
-0.029940 
0.000571 
-0.013764 
0.343396 
1.074412 
-0.742526 
0.561006 
-0.321593 
0.125285 
-0.029320 
0.000571 
-0.012991 
0.310146 
1.103018 
-0.731413 
0.547974 
-0.312984 
0.121685 
-0.028441 
0.000565 
-0.012152 
0.278596 
1.126392 
-0.713997 
0.530282 
-0.301758 
0.117080 
-0.027329 
0.000554 
-0.011263 
0.248747 
1.144699 
-0.690656 
0.508337 
-0.288176 
0.111577 
-0.026010 
0.000538 
-0.010340 
0.220594 
1.158119 
-0.661783 
0.482550 
-0.272499 
0.105284 
-0.024510 
0.000517 
-0.009397 
0.194122 
1.166844 
-0.627776 
0.453335 
-0.254987 
0.098306 
-0.022855 
0.000491 
-0.008445 
0.169312 
1.171074 
-0.589043 
0.421106 
-0.235900 
0.090747 
-0.021069 
0.000461 
-0.007496 
0.146137 
1.171021 
-0.545998 
0.386274 
-0.215491 
0.082712 
-0.019176 
0.000428 
-0.006560 
0.124567 
1.166901 
-0.499052 
0.349249 
-0.194008 
0.074297 
-0.017201 
0.000390 
-0.005644 
0.104566 
1.158938 
-0.448621 
0.310430 
-0.171695 
0.065600 
-0.015166 
0.000350 
-0.004756 
0.086093 
1.147359 
-0.395117 
0.270211 
-0.148785 
0.056714 
-0.013093 
0.000308 
-0.003902 
0.069106 
1.132396 
-0.338948 
0.228977 
-0.125505 
0.047725 
-0.011001 
0.000263 
-0.003088 
0.053557 
1.114280 
-0.280518 
0.187099 
-0.102071 
0.038720 
-0.008912 
0.000216 
-0.002316 
0.039396 
1.093246 
-0.220222 
0.144938 
-0.078691 
0.029777 
-0.006843 
0.000169 
-0.001592 
0.026572 
1.069527 
-0.158448 
0.102839 
-0.055560 
0.020971 
-0.004812 
0.000121 
-0.000916 
0.015030 
1.043355 
-0.095575 
0.061134 
-0.032862 
0.012372 
-0.002835 
0.000072 
-0.000292 
0.004715 
1.014960 
-0.031967 
0.020138 
-0.010769 
0.004044 
-0.000925 
0.000024 
0.000279 
-0.004430 
0.984569 
0.032019 
-0.019850 
0.010558 
-0.003954 
0.000903 
-0.000024 
0.000797 
-0.012463 
0.952407 
0.096041 
-0.058550 
0.030973 
-0.011568 
0.002638 
-0.000070 
0.001262 
-0.019443 
0.918691 
0.159772 
-0.095697 
0.050339 
-0.018749 
0.004268 
-0.000115 
0.001674 
-0.025428 
0.883636 
0.222899 
-0.131048 
0.068537 
-0.025455 
0.005785 
-0.000158 
0.002033 
-0.030478 
0.847452 
0.285124 
-0.164376 
0.085457 
-0.031648 
0.007180 
-0.000199 
0.002341 
-0.034650 
0.810339 
0.346164 
-0.195477 
0.101005 
-0.037296 
0.008447 
-0.000238 
0.002599 
-0.038004 
0.772495 
0.405755 
-0.224162 
0.115100 
-0.042373 
0.009580 
-0.000273 
0.002809 
-0.040596 
0.734108 
0.463647 
-0.250264 
0.127671 
-0.046858 
0.010575 
-0.000306 
0.002973 
-0.042484 
0.695359 
0.519609 
-0.273636 
0.138664 
-0.050734 
0.011430 
-0.000335 
0.003093 
-0.043723 
0.656421 
0.573425 
-0.294151 
0.148036 
-0.053991 
0.012141 
-0.000360 
0.003172 
-0.044368 
0.617461 
0.624900 
-0.311699 
0.155756 
-0.056623 
0.012709 
-0.000382 
0.003212 
-0.044473 
0.578636 
0.673855 
-0.326192 
0.161807 
-0.058628 
0.013135 
-0.000400 
0.003215 
-0.044089 
0.540094 
0.720126 
-0.337559 
0.166183 
-0.060010 
0.013418 
-0.000413 
0.003185 
-0.043267 
0.501977 
0.763570 
-0.345749 
0.168889 
-0.060777 
0.013564 
-0.000423 
0.003123 
-0.042055 
0.464415 
0.804061 
-0.350730 
0.169944 
-0.060941 
0.013573 
-0.000428 
0.003034 
-0.040499 
0.427531 
0.841489 
-0.352485 
0.169373 
-0.060518 
0.013452 
-0.000429 
0.002920 
-0.038646 
0.391439 
0.875761 
-0.351018 
0.167217 
-0.059528 
0.013205 
-0.000426 
0.002783 
-0.036538 
0.356244 
0.906803 
-0.346348 
0.163522 
-0.057993 
0.012838 
-0.000419 
0.002627 
-0.034216 
0.322042 
0.934554 
-0.338510 
0.158346 
-0.055942 
0.012357 
-0.000408 
0.002454 
-0.031718 
0.288921 
0.958972 
-0.327556 
0.151756 
-0.053402 
0.011771 
-0.000393 
0.002267 
-0.029083 
0.256959 
0.980030 
-0.313551 
0.143827 
-0.050408 
0.011087 
-0.000374 
0.002068 
-0.026345 
0.226226 
0.997715 
-0.296577 
0.134640 
-0.046994 
0.010313 
-0.000352 
0.001860 
-0.023536 
0.196784 
1.012031 
-0.276727 
0.124284 
-0.043196 
0.009458 
-0.000326 
0.001646 
-0.020687 
0.168685 
1.022994 
-0.254109 
0.112857 
-0.039055 
0.008532 
-0.000297 
0.001428 
-0.017826 
0.141975 
1.030636 
-0.228842 
0.100459 
-0.034611 
0.007543 
-0.000265 
0.001208 
-0.014981 
0.116691 
1.035000 
-0.201056 
0.087198 
-0.029906 
0.006502 
-0.000231 
0.000987 
-0.012175 
0.092862 
1.036142 
-0.170892 
0.073185 
-0.024983 
0.005419 
-0.000194 
0.000769 
-0.009430 
0.070509 
1.034132 
-0.138500 
0.058536 
-0.019887 
0.004303 
-0.000156 
0.000555 
-0.006766 
0.049647 
1.029050 
-0.104040 
0.043370 
-0.014663 
0.003165 
-0.000116 
0.000347 
-0.004202 
0.030283 
1.020984 
-0.067679 
0.027809 
-0.009355 
0.002014 
-0.000074 
0.000145 
-0.001753 
0.012418 
1.010036 
-0.029591 
0.011977 
-0.004008 
0.000861 
-0.000032 
-0.000047 
0.000567 
-0.003954 
0.996316 
0.010044 
-0.004001 
0.001332 
-0.000285 
0.000011 
-0.000230 
0.002745 
-0.018845 
0.979942 
0.051039 
-0.019999 
0.006621 
-0.001414 
0.000054 
-0.000402 
0.004771 
-0.032274 
0.961040 
0.093204 
-0.035889 
0.011816 
-0.002517 
0.000096 
-0.000562 
0.006636 
-0.044263 
0.939743 
0.136347 
-0.051547 
0.016874 
-0.003584 
0.000138 
-0.000710 
0.008333 
-0.054842 
0.916192 
0.180269 
-0.066847 
0.021753 
-0.004607 
0.000179 
-0.000843 
0.009858 
-0.064045 
0.890531 
0.224774 
-0.081664 
0.026414 
-0.005577 
0.000219 
-0.000963 
0.011207 
-0.071909 
0.862913 
0.269660 
-0.095879 
0.030818 
-0.006488 
0.000257 
-0.001068 
0.012376 
-0.078478 
0.833490 
0.314729 
-0.109372 
0.034929 
-0.007331 
0.000293 
-0.001159 
0.013367 
-0.083797 
0.802423 
0.359782 
-0.122027 
0.038713 
-0.008100 
0.000326 
-0.001235 
0.014179 
-0.087918 
0.769873 
0.404621 
-0.133734 
0.042138 
-0.008789 
0.000356 
-0.001295 
0.014814 
-0.090892 
0.736003 
0.449049 
-0.144383 
0.045174 
-0.009392 
0.000384 
-0.001341 
0.015276 
-0.092777 
0.700979 
0.492876 
-0.153873 
0.047794 
-0.009904 
0.000408 
-0.001372 
0.015568 
-0.093630 
0.664967 
0.535911 
-0.162106 
0.049974 
-0.010321 
0.000428 
-0.001389 
0.015696 
-0.093514 
0.628133 
0.577970 
-0.168990 
0.051694 
-0.010640 
0.000445 
-0.001392 
0.015666 
-0.092491 
0.590645 
0.618874 
-0.174439 
0.052935 
-0.010857 
0.000457 
-0.001381 
0.015486 
-0.090625 
0.552665 
0.658449 
-0.178373 
0.053682 
-0.010971 
0.000465 
-0.001357 
0.015163 
-0.087982 
0.514359 
0.696528 
-0.180721 
0.053925 
-0.010980 
0.000469 
-0.001321 
0.014705 
-0.084629 
0.475886 
0.732949 
-0.181415 
0.053654 
-0.010884 
0.000468 
-0.001273 
0.014122 
-0.080633 
0.437405 
0.767561 
-0.180399 
0.052865 
-0.010683 
0.000463 
-0.001214 
0.013424 
-0.076060 
0.399070 
0.800219 
-0.177621 
0.051558 
-0.010378 
0.000453 
-0.001145 
0.012621 
-0.070980 
0.361033 
0.830787 
-0.173040 
0.049734 
-0.009971 
0.000438 
-0.001067 
0.011724 
-0.065458 
0.323440 
0.859136 
-0.166620 
0.047401 
-0.009464 
0.000418 
-0.000981 
0.010743 
-0.059562 
0.286431 
0.885151 
-0.158338 
0.044567 
-0.008861 
0.000394 
-0.000888 
0.009689 
-0.053356 
0.250143 
0.908723 
-0.148174 
0.041247 
-0.008165 
0.000365 
-0.000788 
0.008574 
-0.046907 
0.214706 
0.929756 
-0.136121 
0.037458 
-0.007383 
0.000332 
-0.000683 
0.007409 
-0.040276 
0.180245 
0.948161 
-0.122179 
0.033220 
-0.006518 
0.000295 
-0.000574 
0.006206 
-0.033526 
0.146875 
0.963865 
-0.106358 
0.028559 
-0.005578 
0.000254 
-0.000461 
0.004975 
-0.026716 
0.114707 
0.976803 
-0.088674 
0.023502 
-0.004568 
0.000209 
-0.000347 
0.003729 
-0.019904 
0.083845 
0.986920 
-0.069156 
0.018081 
-0.003497 
0.000161 
-0.000231 
0.002477 
-0.013146 
0.054382 
0.994177 
-0.047840 
0.012331 
-0.002373 
0.000110 
-0.000115 
0.001230 
-0.006495 
0.026408 
0.998543 
-0.024770 
0.006290 
-0.001204 
0.000056 
0.000000 
-0.000000 
0.000000 
-0.000000 
1.000000 
0.000000 
-0.000000 
0.000000 
-0.000000 
0.000113 
-0.001204 
0.006290 
-0.024770 
0.998543 
0.026408 
-0.006495 
0.001230 
-0.000058 
0.000224 
-0.002373 
0.012331 
-0.047840 
0.994177 
0.054382 
-0.013146 
0.002477 
-0.000117 
0.000330 
-0.003497 
0.018081 
-0.069156 
0.986920 
0.083845 
-0.019904 
0.003729 
-0.000178 
0.000433 
-0.004568 
0.023502 
-0.088674 
0.976803 
0.114707 
-0.026716 
0.004975 
-0.000238 
0.000530 
-0.005578 
0.028559 
-0.106358 
0.963865 
0.146875 
-0.033526 
0.006206 
-0.000298 
0.000620 
-0.006518 
0.033220 
-0.122179 
0.948161 
0.180245 
-0.040276 
0.007409 
-0.000358 
0.000704 
-0.007383 
0.037458 
-0.136121 
0.929756 
0.214706 
-0.046907 
0.008574 
-0.000416 
0.000781 
-0.008165 
0.041247 
-0.148174 
0.908723 
0.250143 
-0.053356 
0.009689 
-0.000472 
0.000849 
-0.008861 
0.044567 
-0.158338 
0.885151 
0.286431 
-0.059562 
0.010743 
-0.000526 
0.000909 
-0.009464 
0.047401 
-0.166620 
0.859136 
0.323440 
-0.065458 
0.011724 
-0.000576 
0.000960 
-0.009971 
0.049734 
-0.173040 
0.830787 
0.361033 
-0.070980 
0.012621 
-0.000623 
0.001001 
-0.010378 
0.051558 
-0.177621 
0.800219 
0.399070 
-0.076060 
0.013424 
-0.000665 
0.001033 
-0.010683 
0.052865 
-0.180399 
0.767561 
0.437405 
-0.080633 
0.014122 
-0.000703 
0.001055 
-0.010884 
0.053654 
-0.181415 
0.732949 
0.475886 
-0.084629 
0.014705 
-0.000734 
0.001066 
-0.010980 
0.053925 
-0.180721 
0.696528 
0.514359 
-0.087982 
0.015163 
-0.000760 
0.001067 
-0.010971 
0.053682 
-0.178373 
0.658449 
0.552665 
-0.090625 
0.015486 
-0.000779 
0.001058 
-0.010857 
0.052935 
-0.174439 
0.618874 
0.590645 
-0.092491 
0.015666 
-0.000790 
0.001039 
-0.010640 
0.051694 
-0.168990 
0.577970 
0.628133 
-0.093514 
0.015696 
-0.000794 
0.001010 
-0.010321 
0.049974 
-0.162106 
0.535911 
0.664967 
-0.093630 
0.015568 
-0.000790 
0.000971 
-0.009904 
0.047794 
-0.153873 
0.492876 
0.700979 
-0.092777 
0.015276 
-0.000778 
0.000923 
-0.009392 
0.045174 
-0.144383 
0.449049 
0.736003 
-0.090892 
0.014814 
-0.000756 
0.000865 
-0.008789 
0.042138 
-0.133734 
0.404621 
0.769873 
-0.087918 
0.014179 
-0.000726 
0.000799 
-0.008100 
0.038713 
-0.122027 
0.359782 
0.802423 
-0.083797 
0.013367 
-0.000686 
0.000724 
-0.007331 
0.034929 
-0.109372 
0.314729 
0.833490 
-0.078478 
0.012376 
-0.000637 
0.000642 
-0.006488 
0.030818 
-0.095879 
0.269660 
0.862913 
-0.071909 
0.011207 
-0.000578 
0.000553 
-0.005577 
0.026414 
-0.081664 
0.224774 
0.890531 
-0.064045 
0.009858 
-0.000509 
0.000457 
-0.004607 
0.021753 
-0.066847 
0.180269 
0.916192 
-0.054842 
0.008333 
-0.000431 
0.000356 
-0.003584 
0.016874 
-0.051547 
0.136347 
0.939743 
-0.044263 
0.006636 
-0.000344 
0.000251 
-0.002517 
0.011816 
-0.035889 
0.093204 
0.961040 
-0.032274 
0.004771 
-0.000248 
0.000141 
-0.001414 
0.006621 
-0.019999 
0.051039 
0.979942 
-0.018845 
0.002745 
-0.000143 
0.000029 
-0.000285 
0.001332 
-0.004001 
0.010044 
0.996316 
-0.003954 
0.000567 
-0.000030 
-0.000086 
0.000861 
-0.004008 
0.011977 
-0.029591 
1.010036 
0.012418 
-0.001753 
0.000091 
-0.000202 
0.002014 
-0.009355 
0.027809 
-0.067679 
1.020984 
0.030283 
-0.004202 
0.000219 
-0.000318 
0.003165 
-0.014663 
0.043370 
-0.104040 
1.029050 
0.049647 
-0.006766 
0.000353 
-0.000433 
0.004303 
-0.019887 
0.058536 
-0.138500 
1.034132 
0.070509 
-0.009430 
0.000492 
-0.000546 
0.005419 
-0.024983 
0.073185 
-0.170892 
1.036142 
0.092862 
-0.012175 
0.000636 
-0.000656 
0.006502 
-0.029906 
0.087198 
-0.201056 
1.035000 
0.116691 
-0.014981 
0.000783 
-0.000762 
0.007543 
-0.034611 
0.100459 
-0.228842 
1.030636 
0.141975 
-0.017826 
0.000931 
-0.000863 
0.008532 
-0.039055 
0.112857 
-0.254109 
1.022994 
0.168685 
-0.020687 
0.001080 
-0.000958 
0.009458 
-0.043196 
0.124284 
-0.276727 
1.012031 
0.196784 
-0.023536 
0.001228 
-0.001046 
0.010313 
-0.046994 
0.134640 
-0.296577 
0.997715 
0.226226 
-0.026345 
0.001373 
-0.001127 
0.011087 
-0.050408 
0.143827 
-0.313551 
0.980030 
0.256959 
-0.029083 
0.001514 
-0.001198 
0.011771 
-0.053402 
0.151756 
-0.327556 
0.958972 
0.288921 
-0.031718 
0.001649 
-0.001259 
0.012357 
-0.055942 
0.158346 
-0.338510 
0.934554 
0.322042 
-0.034216 
0.001776 
-0.001310 
0.012838 
-0.057993 
0.163522 
-0.346348 
0.906803 
0.356244 
-0.036538 
0.001893 
-0.001349 
0.013205 
-0.059528 
0.167217 
-0.351018 
0.875761 
0.391439 
-0.038646 
0.001997 
-0.001376 
0.013452 
-0.060518 
0.169373 
-0.352485 
0.841489 
0.427531 
-0.040499 
0.002088 
-0.001390 
0.013573 
-0.060941 
0.169944 
-0.350730 
0.804061 
0.464415 
-0.042055 
0.002161 
-0.001391 
0.013564 
-0.060777 
0.168889 
-0.345749 
0.763570 
0.501977 
-0.043267 
0.002216 
-0.001378 
0.013418 
-0.060010 
0.166183 
-0.337559 
0.720126 
0.540094 
-0.044089 
0.002250 
-0.001350 
0.013135 
-0.058628 
0.161807 
-0.326192 
0.673855 
0.578636 
-0.044473 
0.002261 
-0.001308 
0.012709 
-0.056623 
0.155756 
-0.311699 
0.624900 
0.617461 
-0.044368 
0.002246 
-0.001251 
0.012141 
-0.053991 
0.148036 
-0.294151 
0.573425 
0.656421 
-0.043723 
0.002202 
-0.001179 
0.011430 
-0.050734 
0.138664 
-0.273636 
0.519609 
0.695359 
-0.042484 
0.002129 
-0.001092 
0.010575 
-0.046858 
0.127671 
-0.250264 
0.463647 
0.734108 
-0.040596 
0.002023 
-0.000991 
0.009580 
-0.042373 
0.115100 
-0.224162 
0.405755 
0.772495 
-0.038004 
0.001882 
-0.000875 
0.008447 
-0.037296 
0.101005 
-0.195477 
0.346164 
0.810339 
-0.034650 
0.001704 
-0.000744 
0.007180 
-0.031648 
0.085457 
-0.164376 
0.285124 
0.847452 
-0.030478 
0.001488 
-0.000600 
0.005785 
-0.025455 
0.068537 
-0.131048 
0.222899 
0.883636 
-0.025428 
0.001232 
-0.000443 
0.004268 
-0.018749 
0.050339 
-0.095697 
0.159772 
0.918691 
-0.019443 
0.000934 
-0.000274 
0.002638 
-0.011568 
0.030973 
-0.058550 
0.096041 
0.952407 
-0.012463 
0.000593 
-0.000094 
0.000903 
-0.003954 
0.010558 
-0.019850 
0.032019 
0.984569 
-0.004430 
0.000209 
0.000096 
-0.000925 
0.004044 
-0.010769 
0.020138 
-0.031967 
1.014960 
0.004715 
-0.000220 
0.000296 
-0.002835 
0.012372 
-0.032862 
0.061134 
-0.095575 
1.043355 
0.015030 
-0.000693 
0.000503 
-0.004812 
0.020971 
-0.055560 
0.102839 
-0.158448 
1.069527 
0.026572 
-0.001210 
0.000715 
-0.006843 
0.029777 
-0.078691 
0.144938 
-0.220222 
1.093246 
0.039396 
-0.001770 
0.000933 
-0.008912 
0.038720 
-0.102071 
0.187099 
-0.280518 
1.114280 
0.053557 
-0.002371 
0.001153 
-0.011001 
0.047725 
-0.125505 
0.228977 
-0.338948 
1.132396 
0.069106 
-0.003013 
0.001373 
-0.013093 
0.056714 
-0.148785 
0.270211 
-0.395117 
1.147359 
0.086093 
-0.003691 
0.001592 
-0.015166 
0.065600 
-0.171695 
0.310430 
-0.448621 
1.158938 
0.104566 
-0.004402 
0.001807 
-0.017201 
0.074297 
-0.194008 
0.349249 
-0.499052 
1.166901 
0.124567 
-0.005143 
0.002017 
-0.019176 
0.082712 
-0.215491 
0.386274 
-0.545998 
1.171021 
0.146137 
-0.005907 
0.002218 
-0.021069 
0.090747 
-0.235900 
0.421106 
-0.589043 
1.171074 
0.169312 
-0.006689 
0.002408 
-0.022855 
0.098306 
-0.254987 
0.453335 
-0.627776 
1.166844 
0.194122 
-0.007480 
0.002585 
-0.024510 
0.105284 
-0.272499 
0.482550 
-0.661783 
1.158119 
0.220594 
-0.008272 
0.002746 
-0.026010 
0.111577 
-0.288176 
0.508337 
-0.690656 
1.144699 
0.248747 
-0.009056 
0.002888 
-0.027329 
0.117080 
-0.301758 
0.530282 
-0.713997 
1.126392 
0.278596 
-0.009819 
0.003008 
-0.028441 
0.121685 
-0.312984 
0.547974 
-0.731413 
1.103018 
0.310146 
-0.010549 
0.003104 
-0.029320 
0.125285 
-0.321593 
0.561006 
-0.742526 
1.074412 
0.343396 
-0.011231 
0.003172 
-0.029940 
0.127771 
-0.327325 
0.568982 
-0.746972 
1.040425 
0.378336 
-0.011849 
0.003210 
-0.030275 
0.129039 
-0.329926 
0.571515 
-0.744406 
1.000924 
0.414949 
-0.012385 
0.003216 
-0.030300 
0.128983 
-0.329148 
0.568232 
-0.734503 
0.955796 
0.453204 
-0.012818 
0.003185 
-0.029988 
0.127502 
-0.324753 
0.558781 
-0.716967 
0.904952 
0.493063 
-0.013125 
0.003117 
-0.029317 
0.124498 
-0.316512 
0.542827 
-0.691525 
0.848325 
0.534476 
-0.013282 
0.003007 
-0.028263 
0.119879 
-0.304209 
0.520064 
-0.657941 
0.785874 
0.577377 
-0.013262 
0.002854 
-0.026805 
0.113558 
-0.287648 
0.490215 
-0.616014 
0.717591 
0.621692 
-0.013034 
0.002656 
-0.024921 
0.105456 
-0.266649 
0.453035 
-0.565583 
0.643495 
0.667328 
-0.012565 
0.002410 
-0.022594 
0.095501 
-0.241055 
0.408321 
-0.506534 
0.563643 
0.714182 
-0.011820 
0.002115 
-0.019809 
0.083633 
-0.210734 
0.355910 
-0.438802 
0.478128 
0.762129 
-0.010760 
0.001768 
-0.016552 
0.069802 
-0.175584 
0.295689 
-0.362376 
0.387083 
0.811032 
-0.009341 
0.001370 
-0.012812 
0.053971 
-0.135534 
0.227597 
-0.277307 
0.290686 
0.860732 
-0.007519 
0.000918 
-0.008583 
0.036118 
-0.090551 
0.151636 
-0.183710 
0.189159 
0.911052 
-0.005242 
0.000414 
-0.003863 
0.016236 
-0.040639 
0.067869 
-0.081772 
0.082778 
0.961796 
-0.002457 
-0.000145 
0.001349 
-0.005662 
0.014150 
-0.023568 
0.028244 
-0.028132 
1.012743 
0.000894 
-0.000755 
0.007044 
-0.029546 
0.073718 
-0.122460 
0.145991 
-0.143184 
1.063651 
0.004875 
-0.001418 
0.013212 
-0.055361 
0.137914 
-0.228509 
0.271035 
-0.261933 
1.114254 
0.009553 
-0.002131 
0.019837 
-0.083031 
0.206525 
-0.341326 
0.402842 
-0.383868 
1.164259 
0.015000 
-0.002891 
0.026893 
-0.112452 
0.279281 
-0.460421 
0.540780 
-0.508409 
1.213346 
0.021295 
-0.003695 
0.034351 
-0.143492 
0.355838 
-0.585201 
0.684102 
-0.634903 
1.261167 
0.028522 
-0.004539 
0.042172 
-0.175989 
0.435782 
-0.714954 
0.831947 
-0.762618 
1.307345 
0.036769 
-0.005419 
0.050311 
-0.209746 
0.518617 
-0.848850 
0.983327 
-0.890741 
1.351469 
0.046133 
-0.006329 
0.058713 
-0.244533 
0.603763 
-0.985924 
1.137122 
-1.018372 
1.393098 
0.056716 
-0.007261 
0.067312 
-0.280079 
0.690547 
-1.125073 
1.292069 
-1.144518 
1.431753 
0.068627 
-0.008207 
0.076035 
-0.316071 
0.778200 
-1.265042 
1.446756 
-1.268091 
1.466920 
0.081982 
-0.009159 
0.084795 
-0.352153 
0.865844 
-1.404420 
1.599611 
-1.387898 
1.498048 
0.096905 
-0.010106 
0.093495 
-0.387922 
0.952493 
-1.541624 
1.748893 
-1.502641 
1.524545 
0.113528 
-0.011035 
0.102025 
-0.422923 
1.037040 
-1.674892 
1.892683 
-1.610907 
1.545776 
0.131992 
-0.011934 
0.110261 
-0.456646 
1.118249 
-1.802270 
2.028875 
-1.711167 
1.561064 
0.152445 
-0.012787 
0.118065 
-0.488525 
1.194752 
-1.921606 
2.155164 
-1.801763 
1.569686 
0.175045 
-0.013578 
0.125284 
-0.517932 
1.265037 
-2.030529 
2.269035 
-1.880911 
1.570871 
0.199959 
-0.014288 
0.131748 
-0.544174 
1.327441 
-2.126447 
2.367755 
-1.946686 
1.563797 
0.227365 
-0.014896 
0.137271 
-0.566490 
1.380139 
-2.206529 
2.448359 
-1.997020 
1.547593 
0.257451 
-0.015381 
0.141647 
-0.584043 
1.421139 
-2.267691 
2.507636 
-2.029696 
1.521330 
0.290416 
-0.015717 
0.144652 
-0.595923 
1.448267 
-2.306588 
2.542125 
-2.042338 
1.484027 
0.326469 
-0.015878 
0.146041 
-0.601135 
1.459165 
-2.319596 
2.548094 
-2.032408 
1.434641 
0.365833 
-0.015834 
0.145547 
-0.598599 
1.451271 
-2.302798 
2.521530 
-1.997193 
1.372069 
0.408743 
-0.015554 
0.142881 
-0.587144 
1.421819 
-2.251972 
2.458129 
-1.933804 
1.295143 
0.455445 
-0.015002 
0.137728 
-0.565504 
1.367819 
-2.162573 
2.353279 
-1.839161 
1.202633 
0.506201 
-0.014141 
0.129749 
-0.532312 
1.286052 
-2.029720 
2.202043 
-1.709994 
1.093235 
0.561285 
-0.012932 
0.118580 
-0.486096 
1.173057 
-1.848176 
1.999154 
-1.542825 
0.965578 
0.620987 
-0.011329 
0.103825 
-0.425270 
1.025118 
-1.612337 
1.738989 
-1.333968 
0.818213 
0.685612 
-0.009287 
0.085060 
-0.348136 
0.838252 
-1.316210 
1.415561 
-1.079514 
0.649619 
0.755480 
-0.006755 
0.061832 
-0.252869 
0.608197 
-0.953399 
1.022501 
-0.775326 
0.458190 
0.830928 
-0.003679 
0.033652 
-0.137519 
0.330400 
-0.517082 
0.553041 
-0.417029 
0.242241 
0.912311 
0.000000 
-0.000000 
0.000000 
-0.000000 
0.000000 
-0.000000 
0.000000 
-0.000000 
1.000000 
