матрица А: 
0.000000 0.000000 0.000000 0.000000 0.000000 0.000000 0.000000 0.000000 0.000000 1.000000  
2.000000 100.000000 1.000000 1.000000 1.000000 1.000000 1.000000 1.000000 1.000000 1.000000  
3.000000 1.000000 10.000000 1.000000 1.000000 1.000000 1.000000 1.000000 1.000000 1.000000  
4.000000 1.000000 1.000000 10.000000 1.000000 1.000000 1.000000 1.000000 1.000000 1.000000  
5.000000 1.000000 1.000000 1.000000 10.000000 1.000000 1.000000 1.000000 1.000000 1.000000  
6.000000 1.000000 1.000000 1.000000 1.000000 10.000000 1.000000 1.000000 1.000000 -1.000000  
7.000000 1.000000 1.000000 1.000000 1.000000 1.000000 10.000000 1.000000 1.000000 -1.000000  
9.000000 1.000000 1.000000 1.000000 1.000000 1.000000 1.000000 10.000000 1.000000 -1.000000  
9.000000 1.000000 1.000000 1.000000 1.000000 1.000000 1.000000 1.000000 10.000000 -1.000000  
0.000000 0.000000 0.000000 0.000000 0.000000 0.000000 0.000000 0.000000 0.000000 1.000000  
 
 
столбец значений: 
1.000000 
1.000000 
1.000000 
1.000000 
100.000000 
1.000000 
1.000000 
0.000000 
1.000000 
1.000000 
 
 
 
 
матрица ступенчатая (первый ход): 
9.000000 1.000000 1.000000 1.000000 1.000000 1.000000 1.000000 10.000000 1.000000 1.000000  
0.000000 100.000000 1.000000 1.000000 1.000000 1.000000 1.000000 1.000000 1.000000 1.000000  
0.000000 0.000000 10.000000 1.000000 1.000000 1.000000 1.000000 1.000000 1.000000 1.000000  
0.000000 0.000000 0.000000 10.000000 1.000000 1.000000 1.000000 1.000000 1.000000 1.000000  
0.000000 0.000000 0.000000 0.000000 10.000000 1.000000 1.000000 1.000000 1.000000 1.000000  
0.000000 0.000000 0.000000 0.000000 0.000000 10.000000 1.000000 1.000000 1.000000 -1.000000  
0.000000 0.000000 0.000000 0.000000 0.000000 0.000000 10.000000 1.000000 1.000000 -1.000000  
0.000000 0.000000 0.000000 0.000000 0.000000 0.000000 0.000000 1.000000 10.000000 -1.000000  
0.000000 0.000000 0.000000 0.000000 0.000000 0.000000 0.000000 0.000000 0.000000 -1.000000  
0.000000 0.000000 0.000000 0.000000 0.000000 0.000000 0.000000 0.000000 nan nan  
 
 
её столбец значений: 
0.000000
1.000000
0.990000
0.891000
99.801900
-9.178290
-8.260461
-7.434415
1.000000
nan
 
 
 
 
матрица конечная (второй ход): 
9.000000 -0.000000 -0.000000 -0.000000 -0.000000 -0.000000 -0.000000 0.000000 nan nan  
0.000000 100.000000 -0.000000 -0.000000 -0.000000 -0.000000 -0.000000 0.000000 nan nan  
0.000000 0.000000 10.000000 -0.000000 -0.000000 -0.000000 -0.000000 0.000000 nan nan  
0.000000 0.000000 0.000000 10.000000 -0.000000 -0.000000 -0.000000 0.000000 nan nan  
0.000000 0.000000 0.000000 0.000000 10.000000 -0.000000 -0.000000 0.000000 nan nan  
0.000000 0.000000 0.000000 0.000000 0.000000 10.000000 -0.000000 0.000000 nan nan  
0.000000 0.000000 0.000000 0.000000 0.000000 0.000000 10.000000 0.000000 nan nan  
0.000000 0.000000 0.000000 0.000000 0.000000 0.000000 0.000000 1.000000 nan nan  
0.000000 0.000000 0.000000 0.000000 0.000000 0.000000 0.000000 0.000000 0.000000 nan  
0.000000 0.000000 0.000000 0.000000 0.000000 0.000000 0.000000 0.000000 nan nan  
 
 
её столбец значений: 
nan
nan
nan
nan
nan
nan
nan
nan
nan
nan
 
 
столбец решений: 
nan
nan
nan
nan
nan
nan
nan
nan
nan
nan
 
 
невязка: 
nan 