моя         библиотека          погрешность
x=  0.500000  
0.549306      0.549306          -0.000000 
  
x=  0.600000  
0.693142      0.693147          -0.000005 
  
x=  0.700000  
0.867192      0.867301          -0.000108 
  
x=  0.300000  
0.309520      0.309520          -0.000000 
  
x=  0.300000  
0.309520      0.309520          -0.000000 
  
x=  0.200000  
0.202733      0.202733          -0.000000 
  
x=  0.100000  
0.100335      0.100335          -0.000000 
  
x=  0.010000  
0.010000      0.010000          0.000000 
  
x=  0.650000  
0.775275      0.775299          -0.000024 
  
x=  0.400000  
0.423649      0.423649          -0.000000 
  
