w Re(f(w)) Im(f(w))
2000 2.77663552315176E-05 5.53221201853498E-06
2496.24060150376 -3.33167387879883E-05 7.4338573334303E-06
2992.48120300752 -1.80329379013413E-05 1.04534200236412E-05
3488.72180451128 3.21467675623922E-05 3.70700836764985E-06
3984.96240601504 2.60007803856602E-05 2.07490981356778E-05
4481.2030075188 -4.51898895361335E-05 1.13347655162028E-05
4977.44360902256 -8.49856626120561E-06 5.47233719027758E-05
5473.68421052631 -1.26019493092842E-05 2.47444947534471E-05
5969.92481203008 1.57572649255801E-05 -1.48318791995368E-05
6466.16541353384 3.01335971071622E-05 4.66026911692231E-05
6962.40601503759 -4.84663833930937E-05 3.75675417135631E-05
7458.64661654135 -1.12998381021797E-05 1.83228274014627E-05
7954.88721804511 1.63386559378148E-05 2.76063600670175E-05
8451.12781954887 4.36652026559211E-05 2.78339844454484E-05
8947.36842105263 -8.09646030213978E-07 -3.25274582422293E-06
9443.60902255639 2.19442588239821E-05 -8.5107328702917E-06
9939.84962406015 -3.20380492570703E-05 2.28881082143555E-06
10436.0902255639 4.56549734970995E-05 1.42255909960364E-05
10932.3308270677 1.04476839358895E-05 4.34206661840482E-05
11428.5714285714 6.87857322938157E-05 1.12905637566901E-05
11924.8120300752 -1.23134875567291E-05 3.36752843052369E-05
12421.0526315789 -2.92944797786942E-05 -1.59735115349358E-05
12917.2932330827 -1.07071106945166E-05 3.12684438203134E-06
13413.5338345865 2.45277198962988E-05 8.0963498187203E-05
13909.7744360902 3.49599084570857E-05 6.29187060505919E-05
14406.015037594 1.74866496386173E-05 7.92025601506102E-05
14902.2556390977 2.30845672571293E-05 -6.45555216489518E-06
15398.4962406015 -4.02503926197845E-06 5.49244068159249E-05
15894.7368421053 -1.00478979821834E-05 1.24804846610284E-05
16390.977443609 -2.56805507895352E-05 8.45484404738062E-06
16887.2180451128 1.87047059145568E-05 -1.98931196779697E-05
17383.4586466165 -8.58334069931517E-06 2.65462934168014E-06
17879.6992481203 -1.62049246983125E-05 -2.41322892454596E-05
18375.9398496241 3.15049919704786E-05 -8.94359982728537E-06
18872.1804511278 -2.18152585047146E-05 -3.29312718168863E-06
19368.4210526316 1.76204651601884E-05 1.41545157186588E-05
19864.6616541353 -3.55323489504056E-05 -7.46898167840701E-06
20360.9022556391 9.83870348932144E-06 3.6326561136635E-06
20857.1428571429 1.62683334094042E-05 -4.23159740383197E-05
21353.3834586466 2.34518620050429E-05 -2.28190009811282E-06
21849.6240601504 1.43236848196609E-05 -9.44787748417742E-07
22345.8646616541 -7.98055898603821E-06 2.92164835297638E-06
22842.1052631579 -2.36694924737115E-06 1.32264279815129E-05
23338.3458646617 3.3771217161981E-06 -1.60894882262949E-05
23834.5864661654 4.79636853458548E-06 -4.9706520425768E-06
24330.8270676692 -2.38688883498207E-06 4.40627950179149E-06
24827.0676691729 1.61770076047508E-05 -6.15729443343271E-06
25323.3082706767 -3.44471919031549E-05 1.26439664844654E-05
25819.5488721805 3.29230919764843E-05 -3.91640844112291E-06
26315.7894736842 -5.31005505916775E-05 3.06443633436485E-06
26812.030075188 2.95331108644371E-05 1.01271762032523E-05
27308.2706766917 -1.30619454703657E-05 -9.74162883764813E-06
27804.5112781955 4.00104243341857E-07 1.36083722194254E-05
28300.7518796993 -4.162282058957E-07 -6.06230854127474E-06
28796.992481203 -2.83580323427838E-06 -7.25329104952396E-06
29293.2330827068 -3.26555078833808E-06 1.9060834318179E-06
29789.4736842105 2.67285602980027E-05 1.73998646321912E-05
30285.7142857143 -4.34129577371376E-05 -5.15347423694938E-05
30781.954887218 5.03944921100963E-05 4.05363425759317E-05
31278.1954887218 -2.05651010532008E-05 -3.99504200788432E-05
31774.4360902256 -1.33670766376079E-05 3.39249602395244E-05
32270.6766917293 8.35843107363067E-06 -1.22955672932078E-05
32766.9172932331 -1.60604427186042E-05 -1.25553426690345E-05
33263.1578947368 1.38941949222701E-05 2.59132574242007E-05
33759.3984962406 1.71877293663384E-05 -2.0432215492926E-05
34255.6390977444 -2.81717590345618E-05 1.27909875456556E-05
34751.8796992481 1.25382022734222E-05 1.67335635814748E-05
35248.1203007519 5.37107582642247E-06 -2.92267066555772E-05
35744.3609022556 -2.89846673777979E-05 2.42592957489949E-05
36240.6015037594 1.4254469003024E-05 -2.74804384233963E-06
36736.8421052632 -1.58451693640849E-05 -2.27994559322033E-05
37233.0827067669 -6.40752527762165E-06 2.98239467371004E-05
37729.3233082707 1.65908307220213E-05 -9.01878512591554E-06
38225.5639097744 -2.04949366966376E-05 -7.03799118390889E-06
38721.8045112782 7.23096159203359E-07 1.42181449822225E-05
39218.045112782 1.3884909921542E-05 -5.87341872409387E-06
39714.2857142857 -1.59077007086853E-05 -9.9006165516521E-06
40210.5263157895 4.9541511256484E-08 2.87306604229225E-05
40706.7669172932 2.99696707635352E-05 -3.92542857627109E-05
41203.007518797 -4.15600892289323E-05 1.86238580795363E-05
41699.2481203007 3.88993880071495E-05 6.43285536961757E-06
42195.4887218045 -2.1375205284548E-05 -2.64399253592465E-05
42691.7293233083 9.5511056470091E-07 1.74681986101024E-05
43187.969924812 1.35282897538253E-05 -3.38988578848369E-06
43684.2105263158 -7.19693866229493E-06 -1.10209795174224E-05
44180.4511278196 -2.83701595449843E-06 4.5956318028526E-06
44676.6917293233 2.34364434208643E-05 6.40918204347445E-07
45172.9323308271 -5.22941766208586E-06 -1.60577480607506E-05
45669.1729323308 -1.87671821799573E-05 2.21306127244351E-05
46165.4135338346 3.21008636730806E-05 2.12810637207749E-06
46661.6541353383 -3.8623655926909E-05 -1.94947271239263E-05
47157.8947368421 1.39540113793953E-05 2.73720389557476E-05
47654.1353383459 1.21246694327816E-05 -2.52733400838238E-05
48150.3759398496 -2.93216060363971E-05 8.15412853562487E-06
48646.6165413534 1.97531323741193E-05 5.48769852656314E-06
49142.8571428571 2.115335198836E-06 -1.52528412844916E-05
49639.0977443609 -8.83224372411061E-06 5.46055095893792E-06
50135.3383458647 8.93065153280254E-06 -4.47739875773026E-07
50631.5789473684 2.31549267977665E-06 -3.32844812362292E-06
51127.8195488722 -8.53757759643146E-07 -4.9709898478133E-06
51624.0601503759 -2.08177761358668E-05 1.47622750195267E-05
52120.3007518797 3.51053323587898E-05 -2.23029082337911E-05
52616.5413533835 -3.4590064961649E-05 5.83435046466327E-06
53112.7819548872 2.5940410660609E-05 1.88868966445786E-05
53609.022556391 -7.91227266028184E-06 -2.53118282812267E-05
54105.2631578947 -5.54884095263745E-06 1.50373910424361E-05
54601.5037593985 5.7732950671351E-06 -3.32742458823346E-06
55097.7443609023 -1.13751486123808E-06 8.50339933541109E-07
55593.984962406 -2.08349880820893E-06 -1.508994401355E-05
56090.2255639098 -3.660552545288E-06 2.23255705008336E-05
56586.4661654135 1.14577330576604E-05 -1.94875336864317E-05
57082.7067669173 -1.40416432561701E-05 -4.203457416366E-07
57578.947368421 8.33722135308491E-06 2.28412160619315E-05
58075.1879699248 7.84543425460781E-06 -3.19513760177118E-05
58571.4285714286 -1.75004186219251E-05 1.99034066946668E-05
59067.6691729323 1.23343040196749E-05 5.25238134480241E-06
59563.9097744361 2.98807419203705E-06 -1.78841968154416E-05
60060.1503759398 -1.22366025100892E-05 1.03512012491591E-05
60556.3909774436 1.16215278874284E-05 7.46313581534622E-07
61052.6315789474 -1.9710028618535E-06 -6.15714597727395E-06
61548.8721804511 -7.13351586446021E-06 2.91109263905665E-06
62045.1127819549 5.76472479095106E-06 8.11400749381133E-06
62541.3533834586 7.6340577144384E-06 -7.28734151259484E-06
63037.5939849624 -1.57984732586863E-05 -2.06880917568228E-07
63533.8345864662 1.06140250722384E-05 1.44148743571624E-05
64030.0751879699 7.52974591682482E-06 -1.91727412136749E-05
64526.3157894737 -2.59806175153136E-05 8.19309321133716E-06
65022.5563909774 1.18578635808545E-05 7.85896748240384E-06
65518.7969924812 -5.77759578712705E-06 -1.3868500762139E-05
66015.0375939849 -4.26805694865902E-06 1.01838763354904E-05
66511.2781954887 1.38387100746344E-05 4.35471201873773E-06
67007.5187969925 -1.77972033331613E-05 -8.54233140458409E-06
67503.7593984962 -5.53760033439986E-06 2.53603253929367E-06
68000 -3.12339883171673E-07 5.74616871452233E-06
68496.2406015038 1.13126735870928E-06 -6.79646466826019E-06
68992.4812030075 -5.15699530524452E-06 -1.03863699236155E-06
69488.7218045113 1.5598200770341E-06 -2.34487714641802E-06
69984.962406015 6.97543467002654E-06 -7.18317134129495E-06
70481.2030075188 -9.8637241025515E-06 -2.81972635186345E-07
70977.4436090226 5.29707155559813E-06 5.42164354611106E-06
71473.6842105263 6.72540845692466E-07 -6.50283362291115E-06
71969.9248120301 -4.91787301213886E-06 5.43575022328009E-06
72466.1654135338 6.81888483998769E-06 1.06555349392217E-06
72962.4060150376 -4.21047317749368E-06 2.92567255524741E-06
73458.6466165413 2.03307589702575E-06 -1.18518618083371E-05
73954.8872180451 -4.77111597593693E-06 8.83365252559975E-06
74451.1278195489 7.1558938431455E-06 -5.04619395948307E-06
74947.3684210526 -2.76979614117397E-06 -3.94338194225067E-06
75443.6090225564 -3.16477040907167E-06 6.22249187474493E-06
75939.8496240601 6.72330662194469E-06 -3.22614973104563E-06
76436.0902255639 -5.7915226984195E-06 -2.44997911036186E-06
76932.3308270677 1.21959696541653E-06 6.53617147658089E-06
77428.5714285714 5.27031297242771E-06 -1.73507497415339E-06
77924.8120300752 -6.01803788044963E-06 -6.56092986478901E-06
78421.0526315789 1.77783814247398E-06 8.49530453270666E-06
78917.2932330827 3.97494295679365E-06 -4.36507674757036E-06
79413.5338345865 -3.115440059881E-06 -2.14391918049325E-06
79909.7744360902 -2.02613440828907E-06 6.60384936129277E-06
80406.015037594 3.06470641033551E-06 -1.91689709985765E-06
80902.2556390977 -1.46109475930538E-06 -2.40292686238921E-06
81398.4962406015 -1.09884919344274E-06 9.62103771385344E-07
81894.7368421053 2.58351346735992E-06 1.00888797860946E-06
82390.977443609 -1.98029614544003E-06 -3.89184153516819E-06
82887.2180451128 -1.1038600951769E-06 3.00631539069591E-06
83383.4586466165 2.92872276130999E-06 -9.84202728192128E-07
83879.6992481203 -4.43624499826366E-08 -1.49774543030743E-06
84375.9398496241 -2.60955568656187E-06 1.63975449794642E-06
84872.1804511278 2.69897342580046E-06 6.36799847408526E-07
85368.4210526316 -1.93620859050643E-07 -1.79424227177003E-06
85864.6616541353 -2.39344867261005E-06 1.38518303985629E-07
86360.9022556391 -7.88350585980362E-07 -5.73010366337985E-07
86857.1428571428 5.41417072155414E-07 1.23146677947566E-07
87353.3834586466 -7.95173924050859E-08 -4.29593583049278E-07
87849.6240601504 -9.58381932138456E-07 -6.9974052235258E-08
88345.8646616541 4.77867011147575E-07 5.72526413701287E-08
88842.1052631579 -1.36483707289835E-06 -1.72798892596607E-07
89338.3458646616 -7.18884295020497E-07 2.43291965733273E-06
89834.5864661654 1.53794149858909E-06 -6.62430387214358E-07
90330.8270676692 -2.47033596141289E-07 -6.86936642225417E-07
90827.0676691729 5.27488498120818E-08 3.77607494591743E-07
91323.3082706767 6.8899210151697E-07 1.39346173388718E-06
91819.5488721805 2.77005927407179E-06 3.50143253103336E-07
92315.7894736842 -1.86221496394777E-06 -4.34127883686583E-06
92812.030075188 6.62543462300884E-07 -1.44055343819357E-06
93308.2706766917 -1.47012932108809E-06 1.60803642448698E-07
93804.5112781955 -9.41057596006218E-07 1.66981959108217E-06
94300.7518796992 -9.40593205486799E-07 1.11883886266162E-08
94796.992481203 3.6851429827354E-08 1.133569275454E-08
95293.2330827068 -1.90015328491881E-08 8.29890570000012E-07
95789.4736842105 -1.14424797122998E-06 -2.19000055111488E-09
96285.7142857143 4.94054359526771E-07 1.01494499620277E-06
96781.954887218 9.31511288016448E-07 -4.86105651353981E-06
97278.1954887218 -1.70475703123339E-06 -1.64148468577495E-06
97774.4360902255 7.97923325328833E-07 -2.72870710352623E-07
98270.6766917293 3.77963759583638E-07 -3.32507109445681E-06
98766.9172932331 2.69518239596692E-07 -1.91006543996666E-06
99263.1578947368 -6.01676419506825E-07 -3.05599387033677E-06
99759.3984962406 -3.69255763376593E-06 4.03226715192436E-06
100255.639097744 -4.89161835802365E-06 2.36134827410582E-06
100751.879699248 -2.0965088276312E-06 -7.30451688708079E-07
101248.120300752 -1.85422239211265E-06 8.92515866837538E-07
101744.360902256 -2.97691391939089E-06 1.70596228111635E-06
102240.601503759 3.9410667782295E-07 1.16439289482777E-06
102736.842105263 1.10668268177915E-06 -3.51999373968233E-08
103233.082706767 1.89941549394367E-06 -1.83418450063505E-06
103729.323308271 -6.73639073054473E-06 -1.42173845487485E-06
104225.563909774 -6.60281698918487E-07 6.77251370696692E-07
104721.804511278 6.73544138793125E-07 1.49548949815494E-06
105218.045112782 9.77563839416673E-08 -3.83727923908737E-08
105714.285714286 -9.9399831711628E-07 3.61737524266962E-07
106210.526315789 -1.99861851093884E-06 1.4647670017814E-06
106706.766917293 1.8064611864545E-06 1.98931154506984E-07
107203.007518797 -3.50620776788399E-08 -2.42493836511237E-07
107699.248120301 -1.42713657941623E-06 3.31958712174297E-07
108195.488721805 -1.40289104196574E-06 2.81755680783461E-06
108691.729323308 1.20033192663048E-06 -4.13522854462663E-07
109187.969924812 7.84512406181719E-07 1.02535098779344E-06
109684.210526316 2.26107014267335E-06 3.25343198264457E-07
110180.45112782 1.54536434399092E-06 5.67370408621056E-07
110676.691729323 1.65357706705346E-06 -8.79919887355277E-07
111172.932330827 3.42529070623629E-07 6.77039279226164E-08
111669.172932331 9.96530105163113E-07 -1.02693503784965E-06
112165.413533835 7.02265285163728E-08 -1.9740741965918E-07
112661.654135338 -1.33100457301588E-06 6.48576240069898E-07
113157.894736842 -2.91905835120815E-07 3.93326978872778E-07
113654.135338346 5.17946489361163E-07 -9.66175657018669E-07
114150.37593985 5.2659069962617E-07 2.73823641327138E-06
114646.616541353 -6.68072583196263E-07 2.36469659054194E-06
115142.857142857 -2.99763071695082E-07 2.30218514488484E-06
115639.097744361 1.86006171949967E-06 -7.49216305186491E-07
116135.338345865 2.50406521457774E-06 1.02289300032062E-06
116631.578947368 2.36353158400433E-06 -9.99554620947304E-07
117127.819548872 2.0060004581331E-07 -1.60979469446982E-06
117624.060150376 -6.06648721196039E-07 1.23739378109379E-06
118120.30075188 -7.70215176570859E-06 2.09453277237502E-06
118616.541353383 -3.46175556261318E-07 1.35588320390466E-06
119112.781954887 -2.29159744974971E-06 1.19964425863493E-06
119609.022556391 1.13361190654603E-06 1.96791367007075E-08
120105.263157895 -4.53788473291858E-06 5.26548493609135E-06
120601.503759398 -5.79274471567944E-06 8.62180690906111E-06
121097.744360902 1.63383230756603E-05 2.5393470315333E-05
121593.984962406 -2.26158971893617E-05 2.52716021508305E-07
122090.22556391 -2.33686175137026E-06 2.84434712381201E-06
122586.466165414 -3.75083772559734E-07 4.54192920862552E-07
123082.706766917 1.83815095117958E-06 1.11555679144759E-06
123578.947368421 3.49910548377461E-07 -2.16544836227081E-06
124075.187969925 9.64200701961638E-07 2.38110465456886E-06
124571.428571429 -3.29475612382758E-06 2.82405705479849E-06
125067.669172932 -1.13166217721143E-06 3.84020356494415E-06
125563.909774436 -1.44402589430777E-06 -1.67645952393443E-07
126060.15037594 7.0904956511876E-06 1.18430621591784E-07
126556.390977444 1.75698225008699E-06 -2.63192679688435E-06
127052.631578947 -1.56216905190693E-06 -3.98418854457704E-07
127548.872180451 -5.00383642737965E-07 4.80565432466856E-07
128045.112781955 6.25264383783113E-06 -8.30744690592483E-06
128541.353383459 -2.69892457207619E-07 -4.57289386202525E-06
129037.593984962 -6.20766662638685E-07 -5.06465076090894E-06
129533.834586466 -5.85602230662531E-06 3.95529847393418E-07
130030.07518797 7.94149873512178E-07 6.44416403412012E-07
130526.315789474 -4.01655558605709E-06 5.84108102836858E-06
131022.556390977 7.93299845787758E-06 1.00144474398876E-06
131518.796992481 1.1816354210665E-06 -4.28875261131351E-06
132015.037593985 -7.6664815168825E-06 -3.47863636082038E-06
132511.278195489 7.44352032393062E-06 4.61194739461242E-06
133007.518796992 -1.68536404187043E-06 -3.50266506455412E-06
133503.759398496 -2.47870769053815E-06 -1.08185553798498E-06
134000 -3.59761095032869E-07 1.91441748304616E-06
134496.240601504 -1.87466300476496E-06 -7.56246523297552E-06
134992.481203008 -2.1815991172152E-06 -6.01537140646534E-06
135488.721804511 -1.01733524529222E-06 1.00901301353073E-06
135984.962406015 4.37982788311623E-06 -2.34760555602618E-06
136481.203007519 -3.19724816663865E-06 -1.41777735940537E-06
136977.443609023 2.21314956605834E-06 2.80727632864625E-06
137473.684210526 -3.05985868429616E-06 2.41992204914042E-06
137969.92481203 3.93493083548143E-06 3.92574155424653E-06
138466.165413534 2.05161723941112E-06 -2.65059092310322E-08
138962.406015038 -8.80169594844618E-07 8.12798133925476E-07
139458.646616541 5.89279250448975E-06 -2.66471175777567E-06
139954.887218045 3.93721137671421E-06 -4.33400680689486E-06
140451.127819549 -4.95579080452674E-06 -2.37402017678362E-06
140947.368421053 1.03459782235038E-06 5.52522868338436E-06
141443.609022556 9.44987799638823E-07 -1.53666799492342E-06
141939.84962406 -4.28631234209214E-06 -1.02164024364095E-06
142436.090225564 2.61617246919237E-06 -7.86189809352995E-07
142932.330827068 -4.39367994514524E-06 -4.73625701401037E-07
143428.571428571 2.30033928215174E-06 5.29799481143464E-06
143924.812030075 4.29515683150803E-06 -1.1315355144221E-06
144421.052631579 -4.15458564277036E-06 -6.83512627806114E-06
144917.293233083 1.48771274598168E-06 1.36203941964284E-06
145413.533834586 1.49028735143345E-06 6.57013228843166E-06
145909.77443609 2.98060063200007E-05 6.2990981221163E-06
146406.015037594 -4.5152331795293E-06 8.1193473515598E-06
146902.255639098 -3.78642161214686E-06 1.19196441691771E-06
147398.496240601 5.33031305202271E-07 -2.11775101837864E-06
147894.736842105 5.89697630044847E-07 2.67582544154222E-06
148390.977443609 7.03228244240755E-07 1.26646802074135E-06
148887.218045113 2.27903209656983E-06 2.11178183710686E-06
149383.458646617 1.51024899696031E-06 7.9765361657253E-07
149879.69924812 -8.67624515710399E-07 -3.49653407156738E-06
150375.939849624 1.03369303770792E-06 -1.82006417440684E-06
150872.180451128 2.26347602476622E-06 4.22046937514087E-07
151368.421052632 1.82108643894992E-06 2.04753127080563E-06
151864.661654135 2.00694906488609E-06 -1.16135026427764E-06
152360.902255639 -6.25682902773889E-07 -2.33350733773208E-06
152857.142857143 -6.2848931216785E-07 -9.32315202669214E-08
153353.383458647 -2.84890474314201E-07 5.89778304391997E-07
153849.62406015 -9.34538654342521E-07 -1.87836646316075E-06
154345.864661654 1.98835699297475E-07 2.97043419354898E-07
154842.105263158 1.18187799451933E-06 1.58766814214024E-06
155338.345864662 2.22146065347418E-06 6.66257620177225E-07
155834.586466165 -1.23463839088466E-06 9.15123018240004E-07
156330.827067669 3.53159501791657E-08 1.33744576670243E-06
156827.067669173 6.16709906713841E-07 -5.79233095038449E-07
157323.308270677 2.22529246379471E-07 -1.11082934937356E-06
157819.54887218 -2.70995670147117E-06 -1.74850935227828E-06
158315.789473684 3.39867167464462E-07 1.7597566249567E-06
158812.030075188 -9.95633939818909E-07 -3.17184355175051E-06
159308.270676692 -1.18704322116365E-06 -6.64148323332701E-07
159804.511278195 -1.74500184829653E-06 1.97195512282085E-06
160300.751879699 -2.42774164159335E-06 -1.32059240899716E-06
160796.992481203 -1.81649700091989E-06 1.00749097408192E-06
161293.233082707 1.51119478571778E-07 5.8850922572445E-07
161789.473684211 -1.22070700884362E-06 -2.63261685347568E-06
162285.714285714 -3.02645951986402E-06 9.22750771744601E-07
162781.954887218 3.3223796325418E-06 -7.85607642056348E-07
163278.195488722 1.73785277198359E-06 1.58800868645199E-06
163774.436090226 -1.41548553214392E-06 -1.48660865584064E-06
164270.676691729 4.2528309302726E-07 7.37732843298695E-08
164766.917293233 7.4319929262669E-07 1.10222172091589E-06
165263.157894737 2.96517550753401E-06 5.7825275300241E-07
165759.398496241 -4.22017453142983E-08 4.92645133038906E-07
166255.639097744 2.58533797347254E-07 5.27996416022705E-07
166751.879699248 4.21236799041465E-07 1.2602535358371E-06
167248.120300752 -3.2997586481528E-07 1.31583725188321E-06
167744.360902256 -2.54723349093733E-07 2.34614696674461E-08
168240.601503759 -2.61087912603932E-06 1.11588272437589E-06
168736.842105263 2.34310812335826E-08 4.77553202358225E-07
169233.082706767 2.62962554205289E-06 -8.52135702886449E-07
169729.323308271 -7.53706999930865E-07 -1.64304718955378E-06
170225.563909774 9.25238139564706E-07 1.76222188854874E-06
170721.804511278 5.45731258563517E-08 -1.69404761718518E-06
171218.045112782 1.22140582084473E-06 3.74212639592516E-06
171714.285714286 7.10337577780047E-07 -7.10058365874342E-07
172210.526315789 -1.51916741598788E-06 -8.4916703663587E-07
172706.766917293 -6.06033961110794E-07 -2.30474678821726E-06
173203.007518797 1.59077255784352E-06 9.54663018169036E-07
173699.248120301 -9.46386263016437E-07 -5.45603765076224E-08
174195.488721804 -1.49280175020081E-08 -1.07022701583397E-07
174691.729323308 -5.84231505423233E-07 5.86947685623136E-07
175187.969924812 9.19898022397729E-07 7.45911799362741E-07
175684.210526316 -1.04566074426985E-06 -1.96584041625006E-06
176180.45112782 2.03736348017662E-06 2.17715089230599E-06
176676.691729323 9.64935903166406E-07 3.68483631020042E-07
177172.932330827 -4.40083939974003E-07 -6.09166727687552E-07
177669.172932331 1.21383953899665E-06 5.56495038469436E-07
178165.413533835 7.59741351751392E-07 7.35250902629216E-07
178661.654135338 5.68720874195077E-07 4.04336707358594E-07
179157.894736842 -3.31262784261123E-07 7.56307720126754E-07
179654.135338346 1.11701612764733E-06 -1.21570368827361E-06
180150.37593985 2.3611207657144E-06 4.81805390318871E-08
180646.616541353 -1.0906398921717E-07 -1.4960370531073E-06
181142.857142857 -1.16194609639718E-06 -4.945635985123E-07
181639.097744361 1.2673712315552E-06 2.67997495818437E-07
182135.338345865 2.54361533782E-07 8.06483387113203E-07
182631.578947368 -8.37382039731203E-07 -8.56983466175961E-07
183127.819548872 -1.06414801527284E-06 3.84331033316097E-07
183624.060150376 2.7615573749533E-07 -6.24701132346393E-07
184120.30075188 6.30911599287451E-07 1.49155800024965E-06
184616.541353383 1.7484146880618E-06 -9.68086496583978E-07
185112.781954887 -1.13653106390034E-06 -2.2095366197005E-06
185609.022556391 -1.69314668858265E-06 1.05939043713239E-07
186105.263157895 -7.95226374834133E-07 5.03357234233662E-07
186601.503759399 8.5278260381097E-07 6.74775813224766E-07
187097.744360902 1.67664068475246E-06 -9.99211840924326E-07
187593.984962406 -9.7542374748749E-07 1.69067331162923E-06
188090.22556391 1.88432472801044E-06 6.53520623781154E-07
188586.466165414 1.54675757846852E-06 4.38043271341856E-09
189082.706766917 -2.25443478403937E-06 -2.19096187612619E-06
189578.947368421 -4.31748497211996E-08 1.48112952949785E-07
190075.187969925 2.30407413167767E-06 2.09752008738372E-06
190571.428571429 1.25222465797075E-06 -4.10474990652709E-06
191067.669172932 -4.75549192327588E-06 -2.31540287074936E-06
191563.909774436 2.76246704735162E-06 2.58214497519746E-06
192060.15037594 3.80600821270094E-06 1.96063171275118E-06
192556.390977444 -5.98126814020643E-07 -2.98763316887796E-06
193052.631578947 -1.75211169979006E-06 3.23953625653033E-07
193548.872180451 5.04250494837608E-07 8.05893231544426E-07
194045.112781955 1.61324393803908E-07 7.05306686419225E-07
194541.353383459 6.79387130677244E-07 5.1341428938134E-07
195037.593984962 1.42593898914137E-06 3.44996009082763E-07
195533.834586466 6.89254678055812E-07 -1.36741835783101E-06
196030.07518797 1.4137162501008E-06 7.16965921542952E-07
196526.315789474 -1.61291035619755E-06 -3.02027137888695E-06
197022.556390977 -1.08497957573415E-08 -1.09117009439979E-06
197518.796992481 -2.56149661348112E-06 -2.36496891255471E-06
198015.037593985 -1.50459856764131E-06 5.6533920024193E-07
198511.278195489 9.29862388236459E-07 -1.3403999337889E-06
199007.518796992 -2.2293984942814E-07 -8.48594512453007E-07
199503.759398496 -3.39657458442773E-06 -8.28920032628817E-07
200000 3.2934643601576E-06 3.27649558368734E-06
