w Re(f(w)) Im(f(w))
2000 -1.22158120176733E-05 1.18442255452198E-05
2496.24060150376 4.3277037444386E-05 3.83734488153732E-05
2992.48120300752 -3.32931645989853E-05 4.9760106655177E-06
3488.72180451128 -3.78000275296276E-05 1.21405916691546E-05
3984.96240601504 -9.80716600679211E-06 4.34655829080275E-05
4481.2030075188 1.12543327013996E-05 -5.3002748456737E-05
4977.44360902256 -3.80590881126595E-05 -2.50675322134659E-05
5473.68421052631 -2.50755877001584E-05 -1.84368092825764E-05
5969.92481203008 4.92629488619979E-06 2.72287972132827E-05
6466.16541353384 2.25377588155065E-05 6.63760042238179E-05
6962.40601503759 3.04227784211414E-05 1.5707140098709E-06
7458.64661654135 2.8991335810776E-05 8.39572749422307E-06
7954.88721804511 1.68074681143253E-06 1.92471401539621E-06
8451.12781954887 3.60237099076551E-05 2.04188410455209E-05
8947.36842105263 3.22319396639318E-05 -1.20205951339688E-05
9443.60902255639 4.43327974910873E-05 3.52438142899279E-06
9939.84962406015 -5.21674604669087E-05 -2.0057463398917E-05
10436.0902255639 5.03907684830799E-05 -4.60574938009238E-05
10932.3308270677 4.37957600550566E-05 -7.52412058753562E-07
11428.5714285714 8.17901588374825E-05 -4.7598195277947E-05
11924.8120300752 1.0027625875399E-05 -6.14455117343175E-07
12421.0526315789 -3.56696457255529E-05 -1.2600785623323E-05
12917.2932330827 -7.85708941467867E-06 -9.31010054692478E-07
13413.5338345865 4.08147572778438E-05 4.53147594063694E-05
13909.7744360902 5.10983546229776E-06 -1.87869068429977E-05
14406.015037594 7.62790868146943E-05 -1.73605173354659E-06
14902.2556390977 4.62054824183979E-06 9.38723149357074E-06
15398.4962406015 1.80578720451723E-05 1.46380831198718E-05
15894.7368421053 -1.35782738934066E-05 -1.57756044162432E-05
16390.977443609 -1.13192119394181E-06 1.35187601914533E-05
16887.2180451128 -3.6378192764026E-06 -2.05700515562432E-06
17383.4586466165 4.98663476896003E-05 3.77199953395514E-05
17879.6992481203 9.80666265044649E-06 8.36527210567892E-05
18375.9398496241 -3.88836752243975E-05 -6.41063698001982E-06
18872.1804511278 1.49638454393706E-06 1.70359538266807E-05
19368.4210526316 -1.61385914779653E-05 -1.54591468120578E-05
19864.6616541353 1.75290469999473E-05 9.43404229706447E-06
20360.9022556391 1.5794853883659E-05 -1.63682329941399E-05
20857.1428571429 -2.9381599612102E-05 2.6871135421403E-05
21353.3834586466 -2.05653936398977E-05 1.26497382171822E-06
21849.6240601504 -3.49760274902696E-05 6.96183921120788E-06
22345.8646616541 1.23959940218962E-05 -4.37329365097253E-06
22842.1052631579 1.25387610721638E-05 -1.1801975582262E-05
23338.3458646617 -1.10209693010816E-05 1.76464940046768E-05
23834.5864661654 6.5342972797529E-06 -1.08415671289014E-06
24330.8270676692 -5.22689228713104E-06 5.9864657470042E-06
24827.0676691729 -4.43124368112863E-06 1.6826625158155E-05
25323.3082706767 1.83349199975266E-05 -3.18659983533222E-05
25819.5488721805 -3.80503777568262E-05 2.3461157079019E-05
26315.7894736842 4.59018265711997E-05 -3.51571651314328E-05
26812.030075188 -3.6115397407933E-05 1.49867052413761E-05
27308.2706766917 2.94848423930123E-05 -2.41021855133233E-06
27804.5112781955 -2.27046213178196E-05 -1.46606319059863E-05
28300.7518796993 1.17611166352552E-05 1.08005047093944E-05
28796.992481203 4.68320412993499E-06 -3.08596821198373E-06
29293.2330827068 -1.17428502400182E-05 -6.24314862805252E-06
29789.4736842105 -1.01424150524945E-05 6.88656755965525E-06
30285.7142857143 3.76216041198197E-05 -2.15972454218341E-05
30781.954887218 -4.21869464819418E-05 3.10857993047365E-05
31278.1954887218 4.84398399145108E-05 -1.44122969434425E-05
31774.4360902256 -5.2978629294351E-05 -3.81078416910908E-06
32270.6766917293 1.97554456747333E-05 2.29174199403568E-05
32766.9172932331 4.16720161925762E-06 -3.70372018333657E-05
33263.1578947368 9.81949146037673E-06 9.9262263560474E-06
33759.3984962406 1.31790721538488E-05 -1.36453882809943E-05
34255.6390977444 -1.55698128976447E-05 -1.97861869465001E-05
34751.8796992481 -1.6405149590754E-05 1.2778463114768E-05
35248.1203007519 1.69742073399101E-05 -1.90210164952176E-05
35744.3609022556 -2.75226400986173E-05 5.95432662815262E-06
36240.6015037594 8.90731884597663E-06 1.14887472245299E-05
36736.8421052632 6.40994970046442E-06 -2.98191334503262E-05
37233.0827067669 -1.76531501175221E-05 3.00554336689185E-05
37729.3233082707 2.01479648172669E-05 -1.3242007251699E-05
38225.5639097744 -2.22561436730804E-05 -4.98167213545878E-06
38721.8045112782 3.44197181630984E-06 1.45837456138182E-05
39218.045112782 9.49434181175339E-06 -1.3741978332612E-05
39714.2857142857 -1.25013151129279E-05 -8.25814857826461E-07
40210.5263157895 1.13643377720781E-05 1.31983227464027E-05
40706.7669172932 1.90256627737995E-06 -1.17720752024739E-05
41203.007518797 -2.34732020813912E-05 1.65785395861391E-06
41699.2481203007 3.6478237669786E-05 1.72530705241599E-05
42195.4887218045 -3.31724091297979E-05 -2.45660483044484E-05
42691.7293233083 3.3776673080121E-06 2.2955572091449E-05
43187.969924812 1.4721581481645E-05 -1.60562927414903E-05
43684.2105263158 -1.18003037907229E-05 4.7094402507996E-06
44180.4511278196 1.34634353580619E-05 1.31912324703773E-05
44676.6917293233 2.11861468361476E-06 -1.47607304822185E-05
45172.9323308271 -1.04320776634995E-05 2.85397027016596E-06
45669.1729323308 7.15134504021579E-06 1.1470330329407E-05
46165.4135338346 1.06209790760432E-05 -1.46795566652788E-05
46661.6541353383 -2.98433327721529E-05 8.68613205604613E-06
47157.8947368421 2.91048136888629E-05 4.32419219719766E-06
47654.1353383459 -1.85205380311178E-05 -2.08343200389665E-05
48150.3759398496 6.76273153459442E-06 2.24629851278655E-05
48646.6165413534 9.20748243401496E-06 -8.87462728072987E-06
49142.8571428571 -1.82586108991477E-05 -1.04791421554157E-06
49639.0977443609 8.21012108232429E-06 7.49499925632772E-06
50135.3383458647 3.05590050215644E-06 -1.18444434326291E-06
50631.5789473684 -3.25302534409151E-06 -2.413874939866E-06
51127.8195488722 -6.99898666834031E-06 2.08381924953644E-06
51624.0601503759 1.97401602080764E-05 7.34398781238591E-06
52120.3007518797 -2.66041123629473E-05 -1.38593381955589E-05
52616.5413533835 1.68796392386951E-05 1.39078583997206E-05
53112.7819548872 3.8527956845878E-06 -2.40869949602945E-05
53609.022556391 -1.47091685995835E-05 1.20403493945534E-05
54105.2631578947 1.45821939559981E-05 -6.26463584156783E-07
54601.5037593985 -9.01951084423872E-06 -3.65530048101849E-06
55097.7443609023 8.52805231314866E-07 -3.07891907015289E-06
55593.984962406 -1.35615511209291E-06 1.80054190475103E-05
56090.2255639098 6.95469977043751E-06 -1.92885555230289E-05
56586.4661654135 -1.59513777354604E-05 8.19417152129121E-06
57082.7067669173 1.85816290612298E-05 9.49623269206454E-06
57578.947368421 -9.08439063651524E-06 -2.41207124975709E-05
58075.1879699248 -6.50454215070342E-06 2.09399844261257E-05
58571.4285714286 1.66806113338855E-05 -6.39820455195849E-06
59067.6691729323 -1.62758681822772E-05 -1.46682792373444E-05
59563.9097744361 4.83994880725736E-06 1.98465977101792E-05
60060.1503759398 8.02668995924919E-06 -1.61434588636988E-05
60556.3909774436 -1.2184885180102E-05 6.0091860892641E-06
61052.6315789474 5.79665998332333E-06 5.6118699940414E-06
61548.8721804511 3.78996456908742E-06 -6.61040779570009E-06
62045.1127819549 -6.76900664644755E-06 -1.35145908536773E-06
62541.3533834586 -5.17095515856442E-06 1.31716833471964E-05
63037.5939849624 1.49435799654705E-05 -1.23765355681705E-05
63533.8345864662 -2.14712690327201E-05 6.70779795732252E-07
64030.0751879699 1.47999659158582E-05 1.05856996050344E-05
64526.3157894737 1.84218893083492E-06 -1.26334519744809E-05
65022.5563909774 -5.08473421693353E-06 5.61768932234847E-06
65518.7969924812 1.66228202161654E-05 3.34345819945768E-06
66015.0375939849 -1.0792184491013E-06 -6.31937228600645E-06
66511.2781954887 -1.15868362650147E-05 1.38971007893078E-05
67007.5187969925 1.52947615437926E-06 -1.43353187956659E-06
67503.7593984962 -1.35421153629958E-06 1.33851670087022E-06
68000 -6.77444782340042E-06 -4.23047958401332E-07
68496.2406015038 5.9457566652368E-06 9.46427899720437E-06
68992.4812030075 2.2780918665156E-06 -3.07901871388902E-06
69488.7218045113 -2.32851981679185E-06 -9.07923242757626E-07
69984.962406015 1.374385551706E-05 9.45366452230309E-06
70481.2030075188 -3.18563381696233E-06 -8.94859866557427E-06
70977.4436090226 -1.47533778068092E-06 4.15892095414152E-06
71473.6842105263 3.45883531358586E-06 6.88597626306803E-07
71969.9248120301 -8.59049102659943E-08 -3.06518095064266E-06
72466.1654135338 1.43029871314805E-06 2.1111983310913E-06
72962.4060150376 -5.25953226656248E-06 -1.41381767142856E-06
73458.6466165413 7.43808413265019E-06 3.65166062910928E-07
73954.8872180451 -6.86553302647568E-06 -6.13866615689115E-07
74451.1278195489 5.07918775760297E-06 4.9958543644872E-06
74947.3684210526 -8.40742235959201E-08 -1.98470014689227E-06
75443.6090225564 -3.33279568448763E-06 1.2656892928679E-06
75939.8496240601 5.61736560627774E-06 1.45684077484714E-06
76436.0902255639 -3.11072246514761E-06 -2.14488444893793E-06
76932.3308270677 1.61197306023634E-06 2.12019621680054E-06
77428.5714285714 3.59974773197245E-06 -2.08225669925704E-06
77924.8120300752 -2.4137752528005E-06 -1.11452184953838E-06
78421.0526315789 2.0323899787339E-06 2.68904067319209E-06
78917.2932330827 1.33466493651014E-06 -3.95472653983553E-06
79413.5338345865 -4.039867361271E-06 -2.55409993991406E-06
79909.7744360902 -3.51415506217824E-06 4.54994377306883E-06
80406.015037594 2.14929164384463E-06 -2.46258210359138E-07
80902.2556390977 1.60047212913133E-07 -2.24030071031726E-06
81398.4962406015 -3.48628662217683E-06 5.6602371685618E-07
81894.7368421053 2.89746468183089E-06 2.90516451971747E-06
82390.977443609 2.83242834768031E-06 -2.48653892433101E-06
82887.2180451128 -7.20194389984314E-07 -5.95089412839157E-07
83383.4586466165 -1.82769653635609E-06 -4.27408685170003E-07
83879.6992481203 1.91625003971422E-06 2.8124333908334E-06
84375.9398496241 2.41513604730044E-06 -2.34527549600876E-06
84872.1804511278 -2.83467885079447E-06 -2.09438175047813E-06
85368.4210526316 -4.70804777293936E-07 2.56290112229062E-06
85864.6616541353 2.18989733834859E-06 2.95782380049088E-06
86360.9022556391 -6.83526276859579E-07 -2.7433558566995E-06
86857.1428571428 -3.53300293853726E-06 1.85234896096084E-06
87353.3834586466 2.50325423062818E-06 6.076503791507E-07
87849.6240601504 1.60788971692853E-07 -9.35009106088075E-07
88345.8646616541 2.83280613023555E-07 1.58458345347114E-07
88842.1052631579 -1.56650538149442E-07 1.06150460253124E-06
89338.3458646616 3.56667553727437E-06 -1.53770478990814E-07
89834.5864661654 5.30296851300488E-07 -1.79831702207632E-06
90330.8270676692 -1.13330147716127E-06 -1.48410189599174E-06
90827.0676691729 1.11868746125972E-07 1.82795092617197E-06
91323.3082706767 5.16739597113276E-07 8.43589831778101E-07
91819.5488721805 1.3666316941313E-06 -1.2827185944963E-06
92315.7894736842 -3.10738990369728E-06 -3.36918828613421E-07
92812.030075188 -2.3392946645021E-07 1.68791865727325E-06
93308.2706766917 2.03253759530117E-06 1.93786794126574E-07
93804.5112781955 2.33910588009145E-08 -2.18381890665986E-06
94300.7518796992 -7.53216684943309E-07 1.54819765585853E-06
94796.992481203 1.05094449538864E-06 1.14363427312328E-06
95293.2330827068 9.98987645914658E-07 -2.08931159393346E-06
95789.4736842105 -4.73047587130395E-07 2.12730261702591E-07
96285.7142857143 -1.78091842278019E-07 2.42663034542127E-07
96781.954887218 1.38902310095337E-07 1.00104861778077E-06
97278.1954887218 -3.22749373310406E-06 -2.88621237988272E-06
97774.4360902255 2.13099284065043E-06 4.46162318451263E-06
98270.6766917293 3.47026123501422E-06 -7.55063193684461E-07
98766.9172932331 -3.64963465938689E-06 1.59481854189909E-06
99263.1578947368 -4.44148525750301E-06 9.33144244475376E-06
99759.3984962406 1.47727807483161E-06 2.15061233075583E-06
100255.639097744 -2.62092641015072E-06 -4.56872445220483E-06
100751.879699248 -1.48531194423941E-07 2.2130136572303E-06
101248.120300752 1.97667094970396E-06 3.14981930795642E-07
101744.360902256 -1.0894448475077E-07 -1.14172465651546E-06
102240.601503759 -1.67923833799633E-06 -9.39665665346708E-07
102736.842105263 -1.13133579819033E-06 8.93988657502034E-07
103233.082706767 -5.28790328112969E-06 -1.61572980365567E-06
103729.323308271 -8.95237982326666E-08 -3.11294854667898E-06
104225.563909774 2.92430046688211E-06 7.62023477781517E-07
104721.804511278 -1.10813851533993E-06 -8.77890651884576E-07
105218.045112782 -2.09308789801663E-06 -1.69300787144324E-07
105714.285714286 1.35322462584792E-06 1.91581718169504E-06
106210.526315789 7.02478534522285E-07 -5.67554750194941E-07
106706.766917293 -6.64129848517567E-07 4.64600732460653E-07
107203.007518797 1.50590676965753E-06 -4.67558711519161E-07
107699.248120301 2.46153481815265E-06 -3.09401436911346E-06
108195.488721805 -1.04054659431328E-06 2.74917022330591E-06
108691.729323308 2.65199319506174E-06 1.67225684976733E-06
109187.969924812 1.67727674418287E-07 -4.34066928166825E-06
109684.210526316 2.90151839554288E-07 3.65021271625573E-07
110180.45112782 8.21326173385124E-07 3.25457888791978E-06
110676.691729323 -6.30859202597792E-07 -1.57356334172147E-06
111172.932330827 7.10145928730019E-08 2.31624606822811E-07
111669.172932331 3.90201229491323E-06 3.62312037296525E-07
112165.413533835 3.20300655956363E-07 -2.84370548494476E-06
112661.654135338 1.16390980602132E-07 -1.1344037742059E-06
113157.894736842 3.27338684389292E-07 -7.78538589116107E-07
113654.135338346 -2.88838100009748E-06 5.24450335900149E-08
114150.37593985 -1.7661631769106E-06 -1.49389247206258E-06
114646.616541353 -1.95310575215361E-06 2.98176455628749E-06
115142.857142857 2.64931419125188E-06 2.50431714358855E-07
115639.097744361 -2.87868263214643E-06 -2.77586556546607E-06
116135.338345865 4.2403224273062E-06 -1.63530550716548E-06
116631.578947368 -9.23485986627747E-07 1.99508301401296E-06
117127.819548872 -9.13181152636552E-07 -2.54154163765213E-06
117624.060150376 3.21122625424487E-07 6.9520520077846E-07
118120.30075188 -1.1479865424815E-06 5.19702160900296E-08
118616.541353383 -1.44803491230002E-06 -1.72541619128081E-06
119112.781954887 7.96591081700072E-08 1.59592587059251E-06
119609.022556391 -1.57836910320921E-06 1.15908104102618E-06
120105.263157895 1.00403675817214E-05 6.70870913796744E-06
120601.503759398 -4.33496456278572E-06 3.88914033186068E-06
121097.744360902 6.86663285840265E-06 2.42697383953969E-05
121593.984962406 -1.57326586992031E-05 -7.92019051053768E-06
122090.22556391 -3.4885178840622E-06 2.43535728669947E-06
122586.466165414 -7.3215668288632E-07 -1.75144681791569E-07
123082.706766917 -3.02269673868224E-06 1.50523809048957E-06
123578.947368421 1.77860941047754E-06 2.89765576198609E-06
124075.187969925 2.53558430367228E-07 2.16783411239302E-06
124571.428571429 2.50370734176738E-07 1.53552939050108E-06
125067.669172932 7.01969540069545E-07 2.13669820479213E-06
125563.909774436 2.4338849891658E-06 -5.17546397022649E-06
126060.15037594 -2.71442482560952E-06 5.95205324851275E-06
126556.390977444 3.03541473796176E-06 -1.5556388761315E-07
127052.631578947 -1.2532221965837E-07 -7.38167729535259E-07
127548.872180451 1.40013892547103E-06 -3.02863932764725E-06
128045.112781955 -7.18691689734579E-07 1.11539689178723E-06
128541.353383459 -3.76690035950332E-06 -6.76871743262592E-07
129037.593984962 -2.07402368298204E-06 -1.61921345656383E-07
129533.834586466 -1.68230736268277E-07 1.09950721802466E-06
130030.07518797 2.48405967550594E-06 2.2863465607968E-06
130526.315789474 -1.05016947246619E-06 -5.07042985817309E-07
131022.556390977 1.13503538165792E-06 1.74218932402038E-06
131518.796992481 -3.85420431273132E-08 8.84880079774553E-07
132015.037593985 -2.64456899973024E-06 2.21130019022079E-06
132511.278195489 8.73648276684364E-07 -1.31733943507514E-07
133007.518796992 3.48003189579186E-07 -9.71364769244895E-07
133503.759398496 -1.5059225171711E-06 2.6079077655237E-06
134000 -3.32589953456255E-06 4.65554939695454E-07
134496.240601504 -3.40613668646209E-06 1.64155454331844E-06
134992.481203008 -5.83324920397303E-06 2.62151399656218E-07
135488.721804511 1.07216208857858E-06 5.07330224572447E-06
135984.962406015 4.28300172052345E-07 2.22039048629784E-06
136481.203007519 -7.88962179716288E-10 9.29698468572788E-08
136977.443609023 -1.75916890362543E-06 -1.49632185766391E-07
137473.684210526 -1.45943024380041E-06 2.00425780626772E-06
137969.92481203 1.77465007695242E-06 3.72478311828715E-06
138466.165413534 5.29306548152086E-06 -1.20141307647678E-06
138962.406015038 -2.02133819562833E-06 2.58894459496252E-06
139458.646616541 1.41911977605059E-06 -2.78566965059899E-06
139954.887218045 -2.77318445615282E-06 3.93476191345476E-06
140451.127819549 -2.64944862038341E-06 4.70526433782181E-06
140947.368421053 1.36278165297558E-06 -1.64174870519289E-07
141443.609022556 -3.3114679986159E-06 -1.65153554439194E-06
141939.84962406 -5.43166937132957E-06 2.68967126270974E-06
142436.090225564 3.68577462300995E-06 4.08541311497291E-06
142932.330827068 2.13517641547716E-06 3.58728759410741E-06
143428.571428571 3.01526942662734E-06 -3.32487792541744E-06
143924.812030075 -1.10646531892183E-06 -5.3446652172501E-06
144421.052631579 -3.08726768945594E-06 -2.84367763566453E-06
144917.293233083 -2.7592993985287E-06 -2.26444459667811E-06
145413.533834586 -1.72750716393453E-06 -7.33008842430726E-06
145909.77443609 -1.28843879042903E-05 -2.03187323412818E-05
146406.015037594 1.49028609777747E-05 -1.45093854993783E-06
146902.255639098 2.3077613270436E-06 -4.212292851742E-06
147398.496240601 4.14201683094786E-07 2.44778238252049E-07
147894.736842105 1.77832981108634E-06 1.96824003307276E-06
148390.977443609 1.20191375980562E-06 2.52300845367955E-07
148887.218045113 2.92015211022341E-06 -1.18969109385223E-06
149383.458646617 -2.25965771665787E-06 -3.40339411129203E-06
149879.69924812 -2.39916869866368E-06 -4.43390484541824E-07
150375.939849624 -2.73860609195043E-08 2.2327841721361E-06
150872.180451128 -6.38062928477944E-07 -8.61339403300134E-08
151368.421052632 -3.96515814314908E-07 -3.25753917355148E-07
151864.661654135 -1.34197015325366E-06 6.47552025862362E-07
152360.902255639 3.36731217053401E-07 -9.48902630058716E-07
152857.142857143 -1.02019323867279E-06 -2.00099589958698E-06
153353.383458647 -2.07531074553776E-06 9.54152846826934E-07
153849.62406015 8.35502450169424E-07 1.94114377193954E-06
154345.864661654 -3.55165031473647E-07 1.97301159791618E-06
154842.105263158 -1.95736450097432E-06 5.36190051065515E-07
155338.345864662 8.11871515425803E-07 1.83709757788251E-06
155834.586466165 -2.02707122476581E-07 -1.99880924155004E-06
156330.827067669 -4.46452581442343E-07 -4.04631108931453E-07
156827.067669173 2.12645985917837E-07 -4.05614057933175E-07
157323.308270677 1.01431872937173E-06 -7.48815559428509E-07
157819.54887218 -2.28383890291513E-06 4.30821235073528E-07
158315.789473684 -3.87401336486353E-07 -2.53467387189201E-07
158812.030075188 -2.46301250818633E-06 -2.23425119740827E-06
159308.270676692 2.03683654580819E-06 -1.74864185914385E-06
159804.511278195 1.14120443159923E-06 -1.79881646063329E-06
160300.751879699 -6.24696917559889E-07 9.10688506829219E-07
160796.992481203 7.08433639896516E-07 2.49015455673854E-07
161293.233082707 -4.15864756271696E-07 1.10339968097209E-06
161789.473684211 -4.42878890425156E-07 1.11804706137294E-06
162285.714285714 -4.18242540698589E-07 -3.97672409591727E-07
162781.954887218 2.81640949685754E-06 1.59975955796487E-06
163278.195488722 2.75143486634423E-07 1.6496993652066E-06
163774.436090226 3.96816451873157E-07 -1.1325448653343E-07
164270.676691729 8.30140024472105E-07 2.38875771307576E-06
164766.917293233 -1.16390319802222E-06 -7.46117325256704E-07
165263.157894737 2.20395900035792E-06 -1.58279384380504E-06
165759.398496241 -3.44981040361212E-07 4.7382676241115E-08
166255.639097744 1.09024703888373E-06 -8.70998542814378E-07
166751.879699248 2.03979005336313E-06 5.13755976096233E-07
167248.120300752 -1.66685173473203E-06 4.83866242331047E-07
167744.360902256 -2.72287240854876E-06 -6.55119808829037E-08
168240.601503759 1.61269740603826E-06 8.23082711243419E-07
168736.842105263 3.8047851795095E-07 -1.02128258863667E-06
169233.082706767 -7.25575735898192E-07 -7.25965563429533E-07
169729.323308271 2.64126800134253E-07 2.99917467379415E-07
170225.563909774 2.60718033101728E-06 2.98454054271682E-07
170721.804511278 1.11993837619371E-07 -6.03912255120094E-07
171218.045112782 5.21830108316743E-07 -1.14250110233489E-06
171714.285714286 1.34478977982441E-06 -3.64020961252203E-07
172210.526315789 -9.12121439901608E-07 7.19646463878207E-07
172706.766917293 -6.6142362551771E-07 -1.47424636054676E-07
173203.007518797 5.62943578990171E-07 -1.89170885377935E-06
173699.248120301 -2.65204294407711E-07 7.0324405979036E-07
174195.488721804 2.87718334719194E-06 -2.55871943245565E-07
174691.729323308 -8.97533443545908E-07 -2.14123618648906E-06
175187.969924812 -1.53892632108866E-07 -8.37002731563666E-07
175684.210526316 1.14564339305666E-07 6.74121472955996E-07
176180.45112782 -9.17554473916807E-08 -2.10107518749062E-07
176676.691729323 -3.62579301735064E-07 -1.16042947221592E-06
177172.932330827 -7.72298923645798E-07 1.32659087838729E-06
177669.172932331 -1.76365290681419E-06 1.00905952423991E-06
178165.413533835 7.63416417012333E-07 2.31540752558929E-07
178661.654135338 -6.66952114388176E-07 -6.71275145613056E-07
179157.894736842 -2.58307753926001E-08 2.3464974007462E-07
179654.135338346 1.46472288282306E-07 1.15293574683796E-06
180150.37593985 2.58884446920137E-07 1.33208675095105E-06
180646.616541353 -9.58431869816036E-07 -7.89661515468813E-09
181142.857142857 -9.33281564128439E-07 6.9888632981056E-07
181639.097744361 -3.9199250273051E-07 1.2764070853239E-06
182135.338345865 6.10705056440465E-07 1.01661970313309E-06
182631.578947368 -4.28617364316969E-07 -9.59908257550894E-07
183127.819548872 4.31680660587353E-08 1.49897491213413E-06
183624.060150376 -6.26605922794819E-07 7.40539487578795E-07
184120.30075188 5.41729618703941E-07 -1.14562989638435E-06
184616.541353383 -4.23263281398735E-07 8.39421024302588E-07
185112.781954887 -1.29587998146143E-06 8.54480593930771E-07
185609.022556391 1.04207553014733E-06 1.22089165759649E-06
186105.263157895 1.35351283331166E-06 -2.14502084366963E-06
186601.503759399 1.44735322565342E-06 -1.2331017123942E-06
187097.744360902 -1.45218345886711E-06 1.05071873097267E-06
187593.984962406 8.52512696604356E-07 1.70727720247088E-06
188090.22556391 3.19115054763026E-06 -4.04311609328323E-07
188586.466165414 4.95300222547534E-07 -7.46155963768572E-08
189082.706766917 -2.05646741766621E-07 -1.50305788834699E-06
189578.947368421 -1.09938183165108E-06 5.56866638090311E-07
190075.187969925 -2.57050447880027E-07 7.14895415273473E-07
190571.428571429 2.38930327161887E-06 -2.47771315780555E-06
191067.669172932 2.9965315060088E-07 -1.12781930574912E-06
191563.909774436 2.07657515977452E-08 1.25367001281486E-06
192060.15037594 9.44400047688186E-07 -2.30918404903104E-07
192556.390977444 -9.61226505483654E-07 -7.14084460702015E-07
193052.631578947 -1.30220491805771E-06 2.89164363182553E-06
193548.872180451 9.26793948038608E-07 -1.42078017584256E-07
194045.112781955 1.57000923396258E-06 2.8613943591801E-06
194541.353383459 1.33192936201185E-06 3.41035278689911E-07
195037.593984962 9.36557182196224E-08 1.55719277530723E-06
195533.834586466 4.00740254074349E-07 1.28550395164105E-06
196030.07518797 -2.96109407416013E-06 1.21125707573722E-06
196526.315789474 -2.79893010487823E-07 -1.84901354431174E-06
197022.556390977 3.83867058274632E-07 9.9371846639757E-07
197518.796992481 2.72986547574713E-06 -9.25498237015364E-07
198015.037593985 -1.06177137468606E-06 -9.04443086549454E-07
198511.278195489 6.27929321761324E-07 1.11152183385841E-07
199007.518796992 6.15562870885782E-07 4.73625970492577E-07
199503.759398496 -5.31017745367075E-06 1.3377680358012E-06
200000 2.89883728849094E-06 2.36886100737814E-07
