w Re(f(w)) Im(f(w))
2000 1.46857924035327E-05 4.3625303574081E-05
2496.24060150376 4.2170184422452E-05 2.8982970319955E-06
2992.48120300752 7.82467712252367E-05 -6.0496228280609E-06
3488.72180451128 1.19450930409582E-06 1.30373707641902E-05
3984.96240601504 4.41836234784273E-06 -2.67969380041744E-05
4481.2030075188 2.27104163331936E-05 -1.82105037881655E-06
4977.44360902256 -1.11890787130044E-05 1.88396420802802E-07
5473.68421052631 -7.19331509995026E-06 7.03052018159778E-06
5969.92481203008 -3.02569187991456E-05 -1.4905473902638E-05
6466.16541353384 7.06260014589675E-05 -1.66072114397999E-05
6962.40601503759 3.77449634560701E-05 8.35681494692892E-05
7458.64661654135 -2.2338339324422E-05 1.10334679914665E-05
7954.88721804511 6.87931279434914E-06 -3.73202613635302E-05
8451.12781954887 6.20133465371848E-05 2.48489456946102E-05
8947.36842105263 -7.11322491606794E-05 1.49927649710531E-05
9443.60902255639 4.94546103258439E-05 -7.01807364720608E-05
9939.84962406015 -1.19143906682635E-05 1.09430914697972E-05
10436.0902255639 1.97482331538172E-06 -4.23353424923531E-05
10932.3308270677 -1.68262154401941E-05 -4.65317031844474E-05
11428.5714285714 3.0618560616947E-05 6.27986288959799E-06
11924.8120300752 -3.11719465624583E-05 -1.22693351322606E-05
12421.0526315789 9.1816924260334E-06 3.04302933957277E-05
12917.2932330827 2.77418073101582E-07 2.59523519495645E-06
13413.5338345865 -2.53979948864607E-05 1.44429345984915E-05
13909.7744360902 3.73190879971068E-05 -2.32605564020299E-05
14406.015037594 -5.87278771594818E-05 -2.21196802909459E-05
14902.2556390977 3.41473188457209E-05 -1.66311419320968E-05
15398.4962406015 -7.22348938017009E-05 -3.27208688899392E-05
15894.7368421053 2.41274217187695E-05 -1.65514459047455E-05
16390.977443609 -1.42235526987456E-06 5.25991385642909E-06
16887.2180451128 -1.62366274522214E-05 6.15693678785802E-06
17383.4586466165 1.15535817019495E-05 4.999770201154E-05
17879.6992481203 -6.31893468648424E-05 -2.82776502689526E-05
18375.9398496241 9.39866811127461E-06 1.9660380645587E-05
18872.1804511278 2.99921651223278E-05 -1.97580812954366E-05
19368.4210526316 -5.56219436090565E-05 2.75490464949152E-05
19864.6616541353 4.24749236602769E-05 -2.6866887268187E-05
20360.9022556391 -4.07001020469874E-05 -5.21935603360588E-06
20857.1428571429 2.2512673425522E-05 3.05617894672837E-05
21353.3834586466 -5.58511029507122E-06 -7.30022795453146E-06
21849.6240601504 -1.84097690490466E-05 1.40872935203885E-05
22345.8646616541 1.88974922240842E-05 -3.02447116774164E-06
22842.1052631579 1.18576677355538E-07 -1.52561341606586E-05
23338.3458646617 -1.53740855518689E-05 2.95725386713992E-05
23834.5864661654 1.17863325699309E-05 -6.97619928796117E-06
24330.8270676692 -1.24434173717605E-05 -1.09036432750312E-05
24827.0676691729 -3.38560892899388E-06 2.65538839644782E-05
25323.3082706767 2.22040990838293E-05 -2.71319069843468E-05
25819.5488721805 -3.69964718456803E-05 5.57283315653262E-06
26315.7894736842 5.28273889065373E-05 1.4525845770235E-05
26812.030075188 -2.5435430022295E-05 -1.16480464044779E-05
27308.2706766917 -4.57066040495207E-06 1.32679835168863E-05
27804.5112781955 3.17726530707813E-05 -4.96030345123179E-06
28300.7518796993 -1.64763167989189E-05 1.93513188820518E-06
28796.992481203 -8.70515231203626E-06 2.72708483636492E-06
29293.2330827068 1.91876792600052E-05 -1.09046195423382E-05
29789.4736842105 -1.00714108597962E-05 -1.04558581453659E-05
30285.7142857143 -8.02416667205933E-06 3.15124917658192E-05
30781.954887218 1.99714839538973E-05 -3.44324820297906E-05
31278.1954887218 -2.87847897953541E-05 3.33211570412204E-06
31774.4360902256 2.08407771928395E-05 1.75318666683091E-05
32270.6766917293 1.33464105801596E-06 -2.22020398222655E-05
32766.9172932331 -2.69010339214316E-05 1.22562628575423E-05
33263.1578947368 4.62209852723726E-05 -7.63095200170871E-06
33759.3984962406 -2.28100615825166E-05 -2.28484345586776E-05
34255.6390977444 5.62997012152113E-06 2.12293174401198E-05
34751.8796992481 1.70007970812031E-05 -9.4410496199273E-07
35248.1203007519 -5.19339856237463E-06 -6.53388188500507E-06
35744.3609022556 -1.56340888223708E-05 8.39296372713888E-06
36240.6015037594 2.02198352932621E-05 1.38239580482398E-06
36736.8421052632 -1.54630980052734E-05 -1.66406320230716E-05
37233.0827067669 -1.12392595544254E-06 2.08041182077077E-05
37729.3233082707 1.14964574412417E-05 -3.03343682501435E-06
38225.5639097744 -2.00607721901949E-05 -1.85115469186694E-05
38721.8045112782 2.91064246931284E-06 2.14246656216975E-05
39218.045112782 1.61424907121766E-05 -6.7528374200876E-06
39714.2857142857 -1.76568543826839E-05 -9.84478612069336E-06
40210.5263157895 -1.80620752561301E-06 2.07724622001427E-05
40706.7669172932 1.6213378857799E-05 -1.02869146583995E-05
41203.007518797 -2.22782174924199E-05 -1.22691380878587E-05
41699.2481203007 7.81930282083561E-06 3.27398835911825E-05
42195.4887218045 1.38332340412403E-05 -2.50286161686904E-05
42691.7293233083 -2.16045702247583E-05 5.7530803895353E-06
43187.969924812 1.45480050518505E-05 1.67197982158823E-05
43684.2105263158 -4.98039634753221E-07 -2.03150880355547E-05
44180.4511278196 5.77319471126928E-06 -7.32850182189099E-06
44676.6917293233 4.28672298253376E-06 2.94178469749118E-05
45172.9323308271 1.31831314573103E-05 -1.06261460327091E-05
45669.1729323308 -1.97303725068422E-05 -1.16175515559499E-05
46165.4135338346 3.49557984117915E-06 2.89620530856344E-05
46661.6541353383 1.36560932346909E-05 -2.6009664483252E-05
47157.8947368421 -2.26731832661508E-05 -1.19857989879463E-07
47654.1353383459 9.98227650154664E-06 2.48280864299459E-05
48150.3759398496 1.37703836589198E-05 -3.5178244357241E-05
48646.6165413534 -1.98223082392106E-05 1.98925936752969E-05
49142.8571428571 1.26681185927075E-05 7.6723395279422E-06
49639.0977443609 1.19102423902966E-06 -1.21513447111799E-05
50135.3383458647 -9.05705316972105E-06 1.0553348673016E-05
50631.5789473684 5.95337323742442E-06 9.91215284315623E-07
51127.8195488722 -6.39138782524696E-08 5.75230679619833E-07
51624.0601503759 1.04895291845109E-05 -1.4035297288658E-05
52120.3007518797 -1.73447770119388E-05 2.41195476193882E-05
52616.5413533835 2.98777034742929E-05 -1.2585710100438E-05
53112.7819548872 -1.12934857688208E-05 -9.32644115647446E-07
53609.022556391 -1.74602162898785E-06 1.29499872147411E-05
54105.2631578947 1.29760921385813E-05 -4.21505258958717E-06
54601.5037593985 -7.29242300110332E-06 -7.40884673510026E-06
55097.7443609023 -5.73759736130765E-06 3.0387941493802E-06
55593.984962406 5.93384806210213E-06 2.08251902484456E-05
56090.2255639098 4.89744352749198E-06 -2.83828102114031E-05
56586.4661654135 -2.42186556978563E-05 1.76120987215897E-05
57082.7067669173 2.4375725338953E-05 1.36162128170652E-05
57578.947368421 -2.23427669511576E-06 -3.16844653885576E-05
58075.1879699248 -2.71158012584326E-05 2.39198344322839E-05
58571.4285714286 2.76508037902101E-05 6.39237717655346E-06
59067.6691729323 -1.05427362532241E-05 -3.08431279104977E-05
59563.9097744361 -9.9841347392445E-06 2.52682058397149E-05
60060.1503759398 1.92884819997737E-05 -3.74582226721806E-06
60556.3909774436 -6.79439342422819E-06 -1.13321699596833E-05
61052.6315789474 -7.82804998191188E-06 1.14298074498889E-05
61548.8721804511 6.52451378042201E-06 4.4383293391016E-06
62045.1127819549 4.18509822300336E-06 -6.90369600402979E-06
62541.3533834586 -2.58778119807091E-06 -3.30743908023919E-06
63037.5939849624 5.66469770073903E-06 1.62949068329617E-05
63533.8345864662 1.34784302876249E-05 -7.46415736926302E-06
64030.0751879699 -1.28111354853254E-05 -1.01052218465403E-05
64526.3157894737 -3.96356033984903E-06 1.58151638645507E-05
65022.5563909774 4.32068140189794E-06 -2.08212108953082E-06
65518.7969924812 -2.01787041155871E-05 -6.70028193557904E-06
66015.0375939849 2.38452560794517E-06 2.32860647994227E-05
66511.2781954887 1.71362288028743E-05 -7.2909925052666E-06
67007.5187969925 -1.2013259333377E-05 -3.24740819511816E-06
67503.7593984962 -2.86077342014259E-06 8.713520592063E-06
68000 7.06390147727105E-06 -3.72134030588518E-06
68496.2406015038 -5.94224676340179E-06 -3.80107177386069E-06
68992.4812030075 -4.74291320666649E-06 9.07070846025585E-06
69488.7218045113 6.87955716472816E-06 6.59104816662227E-07
69984.962406015 -2.80662458063563E-06 -6.6145280406796E-06
70481.2030075188 -5.21859692933394E-06 3.86085470116179E-06
70977.4436090226 6.70572919707489E-06 6.96809757998769E-06
71473.6842105263 2.82253906737199E-06 -6.86065567158775E-06
71969.9248120301 -4.3172284085421E-06 -9.45161097894538E-08
72466.1654135338 4.48835351318546E-07 4.08862096882367E-06
72962.4060150376 3.51695790978035E-06 6.61870825739711E-07
73458.6466165413 -3.07453468225145E-06 -1.0954204543352E-05
73954.8872180451 -3.21402284235764E-06 1.05131176940007E-05
74451.1278195489 6.15835001464868E-06 -5.54444218856531E-06
74947.3684210526 -5.54234061260147E-06 -6.57487142708599E-06
75443.6090225564 -4.75758127622235E-06 8.51178200169823E-06
75939.8496240601 1.11528023797721E-05 1.32252861958303E-06
76436.0902255639 -3.43566551696031E-06 -9.54570596324939E-06
76932.3308270677 -6.79705998478837E-06 5.12055435457319E-06
77428.5714285714 8.12901482734929E-06 5.91584118943394E-06
77924.8120300752 3.28772095965344E-06 -1.17764832206425E-05
78421.0526315789 -1.11388966080395E-05 3.43771736257577E-06
78917.2932330827 6.80087541094127E-06 5.43870090297431E-06
79413.5338345865 2.30145228304481E-06 -6.33734078939508E-06
79909.7744360902 -7.25838432815548E-06 4.49128638885176E-07
80406.015037594 3.51329905821334E-06 6.07219857013508E-06
80902.2556390977 2.15025907513739E-06 -6.19970098975231E-06
81398.4962406015 -5.21073388371135E-06 3.93691204461116E-07
81894.7368421053 3.65513642159156E-07 3.10882297692873E-06
82390.977443609 5.79207455834152E-06 5.41281776348729E-07
82887.2180451128 -2.155112176562E-06 -5.83975030188568E-06
83383.4586466165 -4.77311129621441E-06 4.77380205678753E-06
83879.6992481203 3.54187257633222E-06 4.23812139890564E-06
84375.9398496241 4.50414687641288E-06 -5.11464641396977E-06
84872.1804511278 -6.36321785686708E-06 -2.25246939851106E-06
85368.4210526316 9.98351184269788E-07 5.5507448227787E-06
85864.6616541353 4.09163178760424E-06 -3.77628826997364E-06
86360.9022556391 -3.37119176591088E-06 -2.60313855528618E-06
86857.1428571428 -2.02514824475645E-06 4.59626918702155E-06
87353.3834586466 4.36895860149553E-06 -1.06841896879013E-06
87849.6240601504 -3.53990197220842E-06 -1.469345136823E-06
88345.8646616541 4.57660253791612E-07 4.12799698566466E-06
88842.1052631579 2.76038986803237E-06 -1.23731165317265E-06
89338.3458646616 -1.05701432504673E-06 -5.8999490760862E-07
89834.5864661654 -1.1431706760591E-06 1.85494612384962E-06
90330.8270676692 2.97294352653836E-06 1.28307286952875E-06
90827.0676691729 3.01020291006699E-07 -2.9649377747915E-06
91323.3082706767 -2.2492129549748E-06 -6.05880591371717E-07
91819.5488721805 -8.11294487773254E-07 1.80515484745453E-06
92315.7894736842 2.42715326255426E-06 3.44951965512427E-06
92812.030075188 -9.34361651617116E-08 -4.14167079111547E-06
93308.2706766917 -5.99221952132516E-06 4.66719452716627E-07
93804.5112781955 1.81125783109899E-06 2.94759497894684E-06
94300.7518796992 2.51070252554643E-06 -1.23492320207466E-06
94796.992481203 -2.05299371869335E-06 -1.85710822442926E-06
95293.2330827068 5.81001544905678E-07 2.86320436496161E-06
95789.4736842105 3.45820682958603E-06 -2.21997252077114E-06
96285.7142857143 5.5475096477648E-07 2.87042964730659E-07
96781.954887218 -1.31014604441005E-07 1.5294994064511E-06
97278.1954887218 2.68585233300978E-06 -2.98228176370949E-06
97774.4360902255 -2.7079297999671E-06 -1.45021058160404E-06
98270.6766917293 -6.76124907504693E-07 2.53771789648182E-06
98766.9172932331 5.32582552483003E-06 3.14334549005199E-06
99263.1578947368 2.97202353451686E-06 -3.50154828008289E-06
99759.3984962406 -5.87790231856198E-06 -4.52683808578369E-06
100255.639097744 8.36337979363694E-06 5.39639045943553E-06
100751.879699248 2.53287645662352E-06 -3.92819378659672E-06
101248.120300752 -2.36667384201248E-06 6.98607336782539E-07
101744.360902256 8.72858412198575E-07 5.1036120048916E-07
102240.601503759 2.79689559589842E-06 -7.66688016406552E-07
102736.842105263 -2.85586487657435E-08 -6.54238609772284E-06
103233.082706767 -4.18163417308511E-06 1.64675685328668E-08
103729.323308271 1.73763430949875E-06 4.84636992775202E-07
104225.563909774 3.99354746801497E-06 2.05362107154231E-06
104721.804511278 -1.75512910711328E-06 -2.07114113030673E-06
105218.045112782 -1.80211801143706E-06 3.22025437900612E-07
105714.285714286 4.27210875458253E-07 -3.42688588268643E-07
106210.526315789 -1.83317743076279E-06 -1.27899053306112E-06
106706.766917293 1.35978890129441E-06 7.35023722570089E-07
107203.007518797 1.40209551051601E-06 -9.06878206995927E-07
107699.248120301 -1.36722717789226E-06 -1.38745503172614E-06
108195.488721805 7.20343972388192E-07 4.09178014331192E-06
108691.729323308 9.80260687110303E-07 -9.62542915182022E-07
109187.969924812 -1.05583437338593E-06 -7.01884574287844E-07
109684.210526316 -1.83463147164549E-07 6.67031652916584E-07
110180.45112782 -3.48002947503688E-06 -2.07631389350706E-06
110676.691729323 4.64596478923747E-06 -5.59447740527412E-06
111172.932330827 -2.21189341467033E-06 -3.42603128082509E-06
111669.172932331 -3.97447076829321E-06 2.91816607726302E-06
112165.413533835 1.9557519971944E-06 3.28010796007529E-06
112661.654135338 2.08746837153299E-06 -1.825555549454E-06
113157.894736842 -3.24427846638308E-06 -1.12002417070758E-06
113654.135338346 -4.44683902435061E-07 2.13914312326626E-06
114150.37593985 1.02680954861068E-06 4.63270497441625E-07
114646.616541353 -3.53729563846069E-06 -1.58561397574069E-06
115142.857142857 -4.65815268543234E-07 -5.24141776673682E-07
115639.097744361 -1.32513701062271E-06 2.69659493353817E-07
116135.338345865 -7.21364342347052E-07 5.52918073448058E-06
116631.578947368 1.41298143202704E-07 -4.35459862998359E-07
117127.819548872 -2.2453416017715E-06 2.7962774799628E-07
117624.060150376 -3.25325267632069E-06 1.23901113092536E-06
118120.30075188 -1.08709822089215E-05 9.15333159812157E-06
118616.541353383 2.39109466717391E-06 6.1691265082928E-06
119112.781954887 7.59533808683375E-06 -6.68898743793247E-07
119609.022556391 -1.62747986791573E-06 -5.08036507910123E-07
120105.263157895 -6.42231926120136E-06 -6.82201679741489E-06
120601.503759398 6.21946045506855E-06 3.20436932180462E-06
121097.744360902 2.57488601701018E-05 -2.25926308469075E-05
121593.984962406 2.26542580848905E-06 2.67535739740535E-05
122090.22556391 4.89712072982751E-06 2.87480743197754E-06
122586.466165414 -7.41355870621984E-07 -6.21725632094949E-07
123082.706766917 -1.63341232502384E-06 1.54510082343983E-06
123578.947368421 2.11968221693014E-06 3.14703044755693E-06
124075.187969925 2.11345044126748E-06 4.24676198356283E-07
124571.428571429 2.72040380655633E-06 -3.11216087670038E-06
125067.669172932 9.96435967582482E-07 -6.11278926231732E-07
125563.909774436 -2.35387442448863E-06 4.51556743854436E-07
126060.15037594 -9.46163882603062E-07 -3.618166464188E-06
126556.390977444 -1.58722861620806E-06 9.92215271635065E-07
127052.631578947 3.74382357554635E-06 5.17262143760835E-06
127548.872180451 -1.37886826667547E-06 -4.48206070538707E-06
128045.112781955 -4.2771673775684E-06 -1.65482070271872E-06
128541.353383459 2.62135834369531E-06 8.20275008487344E-07
129037.593984962 3.55550093804536E-06 -9.20416814823419E-07
129533.834586466 -2.06886418305352E-06 -5.68128738321528E-06
130030.07518797 -2.5735685926723E-06 -7.42577458191421E-06
130526.315789474 1.79155190918133E-06 -2.31181255397543E-07
131022.556390977 3.04293226965856E-06 -2.77461239895125E-06
131518.796992481 6.92918694393426E-07 7.87232580098565E-07
132015.037593985 -7.84324813068566E-06 1.58512967800038E-06
132511.278195489 3.12983114658265E-06 4.71502832947407E-06
133007.518796992 2.07766007277308E-06 -5.21137228109298E-07
133503.759398496 -1.63909493223812E-06 -2.7228573299821E-06
134000 -3.12904511852509E-06 2.19767735121562E-06
134496.240601504 -3.04740559427246E-06 -2.1113382737148E-06
134992.481203008 1.87883490313277E-07 9.69390391217814E-08
135488.721804511 1.33022458445666E-06 -1.89691486537865E-06
135984.962406015 -1.47320001878526E-06 2.17565713691308E-06
136481.203007519 3.55664268596059E-06 3.23674789699782E-06
136977.443609023 1.65982039929187E-06 1.43844127135447E-06
137473.684210526 -2.18118684075489E-08 2.74042217435919E-06
137969.92481203 -1.53152692096075E-06 6.90694830532247E-07
138466.165413534 9.90856788951638E-07 1.29363545880237E-06
138962.406015038 1.82000835864432E-06 1.10716889036274E-06
139458.646616541 4.97752616410546E-07 -4.26003677848475E-06
139954.887218045 1.85254703924784E-06 1.09699578116309E-07
140451.127819549 -3.21539179189125E-07 -2.97248366705474E-07
140947.368421053 -2.15179022207162E-06 1.06376599369137E-06
141443.609022556 8.5052232373497E-06 3.03053669235572E-06
141939.84962406 1.34638686715549E-07 1.99054399073118E-06
142436.090225564 -9.61523904101229E-08 3.56031336141573E-06
142932.330827068 1.47499896948992E-06 8.5027126669377E-07
143428.571428571 4.68116267635079E-06 8.02895836478859E-07
143924.812030075 -3.38173839962557E-06 2.51760289189262E-07
144421.052631579 4.81058831475263E-07 8.3259236840569E-08
144917.293233083 4.1555876844018E-06 2.62839264117814E-06
145413.533834586 -2.04245635681399E-07 -3.38784953094487E-06
145909.77443609 5.10940437814497E-06 -1.61917445029595E-05
146406.015037594 3.99936990070686E-06 5.73515396710215E-06
146902.255639098 7.42388934326507E-07 1.9567410814338E-06
147398.496240601 7.29993751380862E-07 -5.16572699602866E-07
147894.736842105 8.47110691814074E-07 2.2118426866263E-07
148390.977443609 -1.03620083956756E-06 -6.26174038005515E-07
148887.218045113 4.59843363373186E-07 7.14234604889276E-07
149383.458646617 1.36288538332971E-06 -1.42392404786667E-06
149879.69924812 2.35937323804755E-06 -4.42567648522984E-07
150375.939849624 -1.90004114104537E-06 -4.43662282948427E-07
150872.180451128 -1.94170844276488E-06 -2.51414648919565E-07
151368.421052632 2.04586660460181E-06 -8.63511214743456E-08
151864.661654135 6.67005906618466E-07 -8.55976468933835E-08
152360.902255639 8.71221260584624E-07 -1.03944679079894E-06
152857.142857143 -3.93272784835403E-07 1.31895743401955E-07
153353.383458647 -1.4362799253689E-07 5.51475624770529E-07
153849.62406015 9.0395678244188E-07 2.29811287264351E-06
154345.864661654 3.27970252698551E-07 -1.20943830811207E-07
154842.105263158 -9.00842517820586E-07 -5.54883116817052E-08
155338.345864662 -4.56540365485274E-07 1.36967216002538E-06
155834.586466165 4.86194140382784E-07 -9.88138133363083E-07
156330.827067669 -4.2019766428302E-07 4.20851630584448E-07
156827.067669173 5.16221247539187E-07 6.95834941134669E-07
157323.308270677 -1.27531201367764E-06 -7.23713844631585E-08
157819.54887218 -1.04339278556784E-06 1.65563483687883E-06
158315.789473684 1.07314647772999E-06 -6.61160911016716E-07
158812.030075188 -2.08156574195727E-06 -6.38991389581045E-06
159308.270676692 -1.98375113324534E-06 3.40121599279797E-06
159804.511278195 4.4339484785863E-06 3.2167700944146E-06
160300.751879699 1.17116944782465E-06 -1.93857912568315E-06
160796.992481203 -3.3384019300915E-06 -2.61770000311614E-06
161293.233082707 -9.2892562166966E-07 2.71943711864308E-06
161789.473684211 3.0220832376336E-06 2.8104380506675E-07
162285.714285714 -2.92677894806859E-07 -2.04100784156521E-06
162781.954887218 -3.49925069585411E-06 3.00060921276665E-08
163278.195488722 -1.09836302323123E-06 9.38334460259623E-07
163774.436090226 2.64287449734269E-06 1.4678234446353E-06
164270.676691729 2.28325976301582E-06 3.52198187958027E-08
164766.917293233 -2.04935198179105E-06 -2.04656628562222E-06
165263.157894737 -2.67467198707693E-06 1.25529658918423E-06
165759.398496241 -1.06781564009451E-06 3.11233144237339E-06
166255.639097744 1.12030648983554E-06 -1.42576741394425E-06
166751.879699248 9.38972639249612E-07 -2.68229342964465E-06
167248.120300752 -3.30879608771672E-06 -3.99813942841876E-07
167744.360902256 1.19866953113442E-06 4.59027057279691E-07
168240.601503759 -4.77842514090841E-07 -2.06968942936873E-08
168736.842105263 -9.76915259558473E-07 -1.7831034725199E-06
169233.082706767 -1.98516652622884E-06 1.82341725517786E-06
169729.323308271 1.8826664376587E-06 9.06533389337113E-07
170225.563909774 7.84476520476114E-07 7.44909003037041E-07
170721.804511278 1.50326521368427E-07 -1.30425472259136E-06
171218.045112782 -5.37777130582128E-07 1.42794888009532E-06
171714.285714286 -1.9269486599412E-06 8.35771596748033E-07
172210.526315789 1.25365101337537E-06 2.11955425794311E-07
172706.766917293 -1.07263025103789E-06 -1.2359848890804E-06
173203.007518797 -4.28550249684579E-07 -2.51169413121746E-06
173699.248120301 -2.75343755415162E-06 5.27664573237324E-07
174195.488721804 6.99791112304109E-08 3.42960535336658E-07
174691.729323308 3.18145723265102E-06 -1.98033451942506E-06
175187.969924812 6.22133753305892E-07 -2.78269146453057E-06
175684.210526316 -1.2130170167502E-06 2.27453347487577E-06
176180.45112782 1.78646027052461E-06 -3.13331152551049E-07
176676.691729323 8.52330205632523E-07 -1.07116119969989E-06
177172.932330827 -1.40660112968158E-06 -3.4851067507688E-07
177669.172932331 -5.00913800172888E-07 1.77240737585377E-06
178165.413533835 8.94307927389009E-07 7.03764325667643E-07
178661.654135338 1.33095658786308E-06 -7.35989682731452E-07
179157.894736842 -2.25473840501012E-07 -1.28064364541563E-06
179654.135338346 -2.15237629427015E-07 -5.36817477891919E-07
180150.37593985 2.16672515575493E-07 7.21344225067286E-07
180646.616541353 1.62375494573408E-06 -1.37970330031758E-07
181142.857142857 -3.21343340803767E-07 -2.75307709589913E-06
181639.097744361 -2.72079877466064E-06 -8.20564517251567E-07
182135.338345865 -7.59971088473665E-07 2.24776757932741E-06
182631.578947368 1.59871365542467E-06 -2.90316003967499E-07
183127.819548872 4.71372433889662E-07 -1.44596222175311E-06
183624.060150376 -1.83758924763666E-06 6.06218523440089E-07
184120.30075188 -1.05341521656752E-07 1.32109858846736E-06
184616.541353383 2.15343556481378E-06 1.22710187369159E-06
185112.781954887 7.74697173211968E-07 -2.65633964991732E-06
185609.022556391 -2.81012334499448E-06 -5.63304995240454E-07
186105.263157895 -2.73898814043563E-07 3.03573880448065E-06
186601.503759399 2.7287026723565E-06 9.09388599819362E-07
187097.744360902 1.00717839845659E-06 -2.82179062403877E-06
187593.984962406 -2.65181701934717E-06 -2.84336960907861E-07
188090.22556391 4.59995603447132E-07 1.84515058782729E-06
188586.466165414 4.14888907080181E-06 -3.07109706856711E-07
189082.706766917 1.28997132009421E-06 -8.08467071261106E-07
189578.947368421 -1.51849577009887E-06 -5.9929747677362E-07
190075.187969925 2.40585472672828E-07 -1.23335723770518E-06
190571.428571429 3.04090934742726E-06 -6.27815689404054E-07
191067.669172932 -1.44514919103117E-08 -2.28457708491604E-06
191563.909774436 -1.57974684569117E-06 -1.04007557048458E-07
192060.15037594 -8.01674525502871E-07 3.0708966770777E-06
192556.390977444 3.16342507602131E-06 1.96713957103088E-06
193052.631578947 3.70009106127304E-08 -1.77606283537996E-06
193548.872180451 -2.05408910499129E-06 -6.39206987939801E-07
194045.112781955 -7.92185831082331E-07 1.72245495166813E-06
194541.353383459 3.34197057438912E-07 8.70718368177691E-07
195037.593984962 2.21703460056288E-06 -4.39051958346022E-07
195533.834586466 -6.67743832663919E-07 -7.1264418918632E-08
196030.07518797 -8.80656762762616E-07 5.87188370083176E-07
196526.315789474 3.19312856124084E-06 1.45748844145012E-06
197022.556390977 9.28421160585908E-07 -3.48037097947839E-06
197518.796992481 -4.15285902505619E-07 7.27407436681248E-07
198015.037593985 1.67430431409213E-06 -8.78199491961265E-07
198511.278195489 -2.22317986948786E-06 -1.27738203225167E-07
199007.518796992 -9.67670355934902E-07 1.7376246329695E-06
199503.759398496 3.03471965599178E-06 -6.07662582229651E-06
200000 -2.04086055084926E-06 1.06195726298004E-06
