w Re(f(w)) Im(f(w))
2000 1.46675834810139E-05 1.03577199621931E-05
2496.24060150376 5.46417395088091E-06 -3.05559357332753E-05
2992.48120300752 2.13800011540913E-05 3.25621791449907E-06
3488.72180451128 -5.71641587464774E-06 1.26866321030316E-06
3984.96240601504 -8.22007957788178E-06 1.24870831875993E-05
4481.2030075188 2.02656543530043E-05 1.24239710469151E-05
4977.44360902256 1.72897642264853E-05 1.01871249165927E-05
5473.68421052631 5.64671391587476E-06 1.18708899931957E-07
5969.92481203008 1.38682413688977E-05 8.83424112607446E-06
6466.16541353384 8.79790208010972E-06 1.57785960194098E-05
6962.40601503759 3.91232479731887E-06 -8.55495363852987E-06
7458.64661654135 -2.90472908423314E-06 -1.48650812098612E-05
7954.88721804511 -1.63928269662873E-05 -1.47949182623655E-05
8451.12781954887 3.75869656426317E-06 -2.84026524511472E-05
8947.36842105263 3.25959778707462E-05 -6.6012199777161E-06
9443.60902255639 1.8762386474653E-06 1.28823436123271E-05
9939.84962406015 -1.86384802398909E-05 8.65124170349618E-06
10436.0902255639 -1.8119723693302E-05 2.78208658951023E-05
10932.3308270677 -1.57063212115596E-05 5.58379781746239E-07
11428.5714285714 2.53133700907292E-05 -1.70328779019697E-05
11924.8120300752 1.49380292323399E-05 1.80194620018513E-06
12421.0526315789 1.2874204806707E-06 -5.43560270097764E-06
12917.2932330827 4.1454180113496E-06 -1.19850065431654E-05
13413.5338345865 3.14732179458636E-05 -3.92031549022042E-05
13909.7744360902 3.6955580375035E-05 1.06997885893786E-05
14406.015037594 -2.23568842395406E-05 1.56475042890088E-06
14902.2556390977 4.57658929604107E-06 5.57271665100555E-06
15398.4962406015 -5.48271684500815E-06 1.62091044985953E-05
15894.7368421053 3.602240388527E-06 -2.09722464206918E-06
16390.977443609 -9.74921469852768E-06 -1.05446360560517E-05
16887.2180451128 3.89517104180308E-06 -2.06989773559291E-08
17383.4586466165 -2.48002825347589E-05 1.62548524802552E-05
17879.6992481203 6.37546859170004E-06 -8.80853546029535E-06
18375.9398496241 4.74190537959664E-06 8.41457042916015E-06
18872.1804511278 6.77422523472144E-06 3.54124285963259E-06
19368.4210526316 -1.3954097529419E-05 1.28394930262874E-05
19864.6616541353 1.94460600929205E-05 -1.13670084721281E-05
20360.9022556391 -6.93421155146107E-06 2.25605434250881E-05
20857.1428571429 4.8356178925263E-06 -2.88047976116494E-05
21353.3834586466 9.69811651336118E-06 1.39817491826101E-05
21849.6240601504 -9.0978460652108E-07 -8.31796790195301E-06
22345.8646616541 4.53587340336511E-06 5.01093923030741E-06
22842.1052631579 1.84202809136152E-06 -3.38623368278725E-06
23338.3458646617 -3.52063387301605E-06 2.39749577110583E-06
23834.5864661654 -3.71488355182808E-06 -3.23680199408435E-06
24330.8270676692 -3.08833733451525E-06 -4.48645835689872E-06
24827.0676691729 1.01088548206477E-05 1.56896722940072E-06
25323.3082706767 -1.0152026168658E-05 1.5638278808559E-06
25819.5488721805 -7.26318608641233E-07 -4.94576335717106E-06
26315.7894736842 -6.88856922671757E-07 -1.187627002724E-05
26812.030075188 5.7197453937867E-06 1.76897934791237E-06
27308.2706766917 -3.1446246554163E-07 -3.95809887890883E-06
27804.5112781955 -2.51661715068759E-06 1.04402235972853E-05
28300.7518796993 -5.67024291047993E-07 -9.4451082628596E-06
28796.992481203 4.64695974601281E-07 7.92482537835529E-06
29293.2330827068 -2.72626265870262E-06 -6.22130398722851E-06
29789.4736842105 -1.48408190156199E-06 8.29760128053308E-06
30285.7142857143 9.94963662998849E-07 -3.94295352484797E-07
30781.954887218 -4.88257802625461E-06 -1.12163261497254E-06
31278.1954887218 4.39011781901736E-06 -5.43332754042374E-06
31774.4360902256 1.65340333451367E-06 9.90969403704181E-07
32270.6766917293 1.78368754584909E-06 4.28065095860415E-06
32766.9172932331 -2.68422153703692E-05 -7.45056913953383E-06
33263.1578947368 3.177879267498E-06 1.5222347125311E-05
33759.3984962406 -2.45035075872223E-06 3.54444187719659E-07
34255.6390977444 -1.02872607097621E-05 -8.90383375505336E-06
34751.8796992481 1.31924308512591E-06 9.75167341626815E-07
35248.1203007519 -1.01849009602732E-06 -4.58206410109926E-06
35744.3609022556 -4.06460140212344E-06 1.09246031784242E-06
36240.6015037594 4.70423385600914E-06 -1.08050736720669E-05
36736.8421052632 -1.00855461814697E-06 8.70771604864994E-06
37233.0827067669 8.17511619605536E-07 -3.95296990753521E-07
37729.3233082707 -6.02216041219774E-06 2.41969408302301E-06
38225.5639097744 3.85399838614942E-06 -1.00831540490151E-05
38721.8045112782 5.48949159987749E-06 3.56103416241811E-06
39218.045112782 1.75531834997728E-06 3.54889815156097E-06
39714.2857142857 -3.50653138456446E-06 -8.58613028647842E-07
40210.5263157895 5.5809810732679E-06 -2.147978951777E-06
40706.7669172932 -5.06085350056515E-06 1.33139877946165E-06
41203.007518797 4.7605527589934E-06 -2.67619497777714E-06
41699.2481203007 -4.82100391434876E-06 3.63544805385061E-06
42195.4887218045 3.66801914977981E-07 -3.1842257199989E-06
42691.7293233083 -8.23621676969153E-07 3.04010384617779E-06
43187.969924812 9.68777970136838E-07 1.47602843696688E-06
43684.2105263158 -1.46790104349268E-06 -2.4698980365144E-06
44180.4511278196 8.61928072980018E-06 -1.11237915638855E-06
44676.6917293233 1.20778724371847E-06 -2.1281190162955E-07
45172.9323308271 -1.70331225995334E-06 3.95428764914136E-06
45669.1729323308 5.95859149187228E-06 -5.85127527094988E-06
46165.4135338346 -4.51757535979402E-06 -1.39034215093614E-06
46661.6541353383 7.68026786989647E-06 2.99029037732368E-06
47157.8947368421 -7.54841943457519E-06 -4.12377723717112E-06
47654.1353383459 5.30651305264241E-06 3.1483857280902E-06
48150.3759398496 -6.97108624911683E-06 -1.73448942708032E-06
48646.6165413534 6.88003961738273E-07 -4.13235834570998E-06
49142.8571428571 1.11577219816173E-06 2.19995146951692E-06
49639.0977443609 3.41094986948802E-06 3.11940391166134E-06
50135.3383458647 5.15005098078603E-07 -1.6692157785018E-06
50631.5789473684 2.73096872925736E-06 9.79778687427938E-07
51127.8195488722 1.4202382704553E-06 -1.04247633595651E-06
51624.0601503759 -1.83358476492094E-06 2.68125349315111E-07
52120.3007518797 3.79448239459752E-06 1.64324705039138E-07
52616.5413533835 -3.93200863034149E-07 -6.83526162476879E-06
53112.7819548872 8.08663256253746E-06 2.22318040587722E-07
53609.022556391 -7.36479195979685E-07 4.82635458849728E-07
54105.2631578947 -2.5345333608674E-08 -2.20769077845846E-07
54601.5037593985 -3.64333063247522E-07 1.82156520240867E-06
55097.7443609023 1.85609649222613E-06 -1.56677295550019E-06
55593.984962406 -1.67186866594517E-06 4.50097924871381E-06
56090.2255639098 -9.23899642583872E-07 -1.61210441099297E-06
56586.4661654135 2.56686206221649E-06 1.84811258607947E-06
57082.7067669173 -2.1551851777952E-06 -2.15987961775683E-06
57578.947368421 2.53294640393485E-06 3.53036158678345E-06
58075.1879699248 -9.80719575770575E-07 -2.90922492505992E-06
58571.4285714286 -3.86327905990942E-06 1.29255501958493E-06
59067.6691729323 3.97215216444771E-06 -2.96491088107319E-06
59563.9097744361 -4.16614974577862E-06 3.50368572051107E-06
60060.1503759398 2.77622695151158E-06 -2.33478369407489E-06
60556.3909774436 -1.24478899863008E-06 4.73370240114078E-07
61052.6315789474 -2.08783651341367E-06 3.95262558343629E-08
61548.8721804511 4.51294179427286E-07 -2.4056479667562E-06
62045.1127819549 -2.1687778602478E-06 2.02557983231803E-06
62541.3533834586 2.8305099128862E-06 -3.40395619487759E-06
63037.5939849624 -1.47442490177952E-06 -5.61455899428353E-07
63533.8345864662 3.83236585899036E-06 9.12024305369193E-07
64030.0751879699 -6.10300292738654E-06 -2.35586152214034E-06
64526.3157894737 6.93443235710165E-06 4.37541676069401E-06
65022.5563909774 -5.58514472463448E-07 -6.04306216722266E-06
65518.7969924812 5.2856468221818E-07 4.77475573898349E-06
66015.0375939849 9.60856442346287E-07 1.45214569284381E-06
66511.2781954887 -5.32785791567078E-06 2.85647038446522E-05
67007.5187969925 -1.19369580647256E-07 -2.12326165910711E-06
67503.7593984962 3.07765753869441E-06 -1.00496918733123E-05
68000 -5.24910631194031E-06 6.38666343174886E-06
68496.2406015038 2.81528132291386E-06 -1.04600906165292E-05
68992.4812030075 -2.70878311041024E-06 1.50129669952873E-05
69488.7218045113 -6.34381919638013E-06 -3.26185917697374E-06
69984.962406015 -5.01434296865047E-06 1.5715280420661E-06
70481.2030075188 5.61766749414514E-06 7.7961007294826E-06
70977.4436090226 -3.40711250577053E-06 -7.3615448338734E-06
71473.6842105263 4.98591839194492E-07 2.45127173387666E-06
71969.9248120301 4.61003839451047E-06 5.24066810353795E-06
72466.1654135338 -2.45954835145159E-06 -9.67799200629817E-06
72962.4060150376 -2.74540869516907E-06 1.75931970908485E-05
73458.6466165413 -3.79072984021601E-06 -2.89996114152344E-05
73954.8872180451 2.92548095382167E-06 1.27770821181895E-05
74451.1278195489 -1.37735291400237E-05 -1.94290322798702E-07
74947.3684210526 -4.44719075261155E-06 -1.88099836483829E-06
75443.6090225564 2.70770988027198E-06 3.27705682756895E-06
75939.8496240601 -1.52805958329593E-06 -2.16863959722782E-06
76436.0902255639 -4.50768466728409E-06 -5.10544996872437E-07
76932.3308270677 2.6880260468211E-06 4.76273901018263E-06
77428.5714285714 4.01169352209756E-06 -4.0328275015573E-06
77924.8120300752 -2.24770941439225E-06 -2.93416991760212E-06
78421.0526315789 4.64921417442314E-06 2.4017336007548E-06
78917.2932330827 -5.48298811471771E-06 -4.1110089151305E-06
79413.5338345865 5.48953418738547E-06 1.92581395101077E-06
79909.7744360902 2.39892644346782E-06 -1.02190935054737E-05
80406.015037594 -6.67005794863467E-06 -6.7628105209565E-07
80902.2556390977 3.09483438211592E-06 4.62543062969218E-06
81398.4962406015 8.43473017107257E-07 1.75165051178803E-07
81894.7368421053 1.35299087517902E-06 -4.10014076252223E-07
82390.977443609 6.04933102650898E-07 1.48598284928037E-06
82887.2180451128 2.10812711715046E-06 2.60299975726232E-07
83383.4586466165 5.0359120103794E-07 5.61967519248753E-07
83879.6992481203 -1.86931612221378E-07 1.1476919781078E-06
84375.9398496241 4.87484624083124E-07 -2.49646908109721E-06
84872.1804511278 -2.8632428256128E-07 1.11826390939376E-06
85368.4210526316 4.65650046690487E-08 -3.28453641289821E-06
85864.6616541353 -2.60235969181924E-06 -1.13587990738138E-06
86360.9022556391 -3.91871400649586E-08 4.5272698321542E-06
86857.1428571428 3.12811035761719E-06 -3.2954376289996E-06
87353.3834586466 -2.89317999069544E-06 2.02867412329722E-06
87849.6240601504 1.33304883719459E-06 9.85053312761454E-07
88345.8646616541 1.09103433701147E-06 -2.72635676478991E-07
88842.1052631579 6.65115324063754E-07 -1.98999011196677E-06
89338.3458646616 -3.11371258210052E-07 1.05900544267455E-06
89834.5864661654 -4.75017155668356E-07 4.83549319888171E-07
90330.8270676692 4.75478900865268E-07 -7.84340709789171E-07
90827.0676691729 1.24670259407281E-06 -1.17156691208485E-06
91323.3082706767 -9.89790071051764E-07 -1.44849924723022E-06
91819.5488721805 -1.19638252643666E-06 1.06211814249817E-06
92315.7894736842 -1.63248267314974E-06 4.57973572366343E-07
92812.030075188 -9.77395649410972E-07 -6.27560005890787E-07
93308.2706766917 1.71945649200242E-07 8.965016440762E-07
93804.5112781955 7.55948950489901E-07 -4.97478537774686E-07
94300.7518796992 -6.81172375953261E-07 1.81815886279631E-06
94796.992481203 2.09321629591694E-06 2.38544417365689E-07
95293.2330827068 1.97226557315332E-06 -1.91873133838114E-06
95789.4736842105 -7.43396143300939E-07 -4.46459514357692E-07
96285.7142857143 1.64459990105482E-06 -7.25934539712393E-07
96781.954887218 1.16120641687567E-06 -2.61490635801558E-06
97278.1954887218 -2.45398708836906E-06 -4.93616345873633E-06
97774.4360902255 6.64366164421861E-07 -3.73022728951287E-06
98270.6766917293 -2.19151456171018E-06 -2.41289150639904E-06
98766.9172932331 -6.17961898750853E-06 5.37254135298562E-06
99263.1578947368 2.54310194411027E-06 -1.60877724956989E-06
99759.3984962406 1.96228660428836E-06 -4.25144141580636E-06
100255.639097744 8.87851119867489E-06 -2.28015426160491E-06
100751.879699248 2.49886895052213E-06 -4.87825549152987E-06
101248.120300752 7.27951322552538E-06 2.1960369711375E-06
101744.360902256 -7.5713659341805E-08 -3.17564681028914E-06
102240.601503759 1.37383051567287E-06 -4.26757259052388E-06
102736.842105263 1.91400643025798E-06 -3.70024023500328E-06
103233.082706767 -1.1569703316324E-06 -2.43937590692615E-06
103729.323308271 2.57807316866774E-06 4.17447555928427E-06
104225.563909774 6.7218908705198E-08 -2.06972555427967E-06
104721.804511278 -4.40086432493257E-09 1.68985111724981E-06
105218.045112782 -2.26432629372275E-06 1.28571616421988E-06
105714.285714286 1.19093857837351E-06 2.2734012729557E-06
106210.526315789 3.87126646820942E-06 1.63389671384292E-06
106706.766917293 -5.7656162175606E-07 -2.77631458721466E-06
107203.007518797 4.77121588164425E-07 1.8160247771589E-06
107699.248120301 4.773246318054E-06 2.68954764427336E-06
108195.488721805 2.68089582099908E-06 -3.32953755761931E-06
108691.729323308 -7.17138844402584E-07 6.17776107250996E-08
109187.969924812 -2.69136455314571E-06 5.08584936001145E-07
109684.210526316 -6.59595830373716E-06 -3.00073829324474E-07
110180.45112782 5.67257035398471E-06 3.5360032262663E-06
110676.691729323 -5.0257124809712E-06 -4.66581833413583E-06
111172.932330827 -3.59327401828587E-07 -4.08894229614838E-06
111669.172932331 2.14332124352339E-07 2.43510322119343E-06
112165.413533835 -5.70829469975261E-07 1.15780054671823E-07
112661.654135338 -3.68224224064669E-07 2.55871828882154E-07
113157.894736842 -3.64606325343116E-07 4.19763988831505E-06
113654.135338346 1.92813637772754E-06 -6.22700075216331E-08
114150.37593985 -1.4388125945192E-07 4.74591961645571E-06
114646.616541353 6.81773240440121E-06 1.37727017554873E-06
115142.857142857 3.27726096636033E-06 -4.22372625921476E-06
115639.097744361 -1.54885862489424E-06 -5.4474800372241E-06
116135.338345865 3.45546299448503E-06 1.23253901040489E-06
116631.578947368 2.84894609349451E-06 -4.6281644042461E-06
117127.819548872 -5.70593140867849E-06 -3.77435105917728E-06
117624.060150376 -5.57170828780156E-06 2.56549745044354E-07
118120.30075188 -9.05383918651927E-07 -1.04271247360066E-06
118616.541353383 2.77677156533635E-06 7.83328809444719E-06
119112.781954887 6.25871408529495E-06 2.63041084038984E-06
119609.022556391 -5.46722493215255E-06 2.65216865724771E-06
120105.263157895 1.52182809403281E-05 3.16179362074517E-07
120601.503759398 2.25365743246846E-05 -1.37582888248991E-06
121097.744360902 6.33826253339042E-05 -5.06543837523304E-05
121593.984962406 4.42679290907931E-06 7.77104204967313E-05
122090.22556391 2.39479617221121E-05 1.71496190851087E-06
122586.466165414 -1.41570914522782E-06 -4.55581248467472E-06
123082.706766917 -1.70683497691989E-06 7.59782999518977E-06
123578.947368421 3.12785788974491E-06 6.06368186042625E-06
124075.187969925 3.17048208933567E-06 -1.58704919339259E-06
124571.428571429 -7.43924472252941E-06 -4.48481543454978E-06
125067.669172932 2.74061577933291E-06 3.99446558996126E-07
125563.909774436 3.51903412118969E-06 -5.42036584433748E-07
126060.15037594 7.74680521980093E-06 7.01208950625422E-06
126556.390977444 4.01243240985624E-07 -1.22870290621135E-05
127052.631578947 3.69280681260045E-07 -5.99926598967255E-06
127548.872180451 -4.70401986086209E-06 8.83584605784527E-06
128045.112781955 -3.02963848495881E-05 -4.76496035731194E-06
128541.353383459 -1.93449239913577E-06 3.5955935145464E-06
129037.593984962 6.14541035896999E-06 -4.28625069549313E-06
129533.834586466 -1.10784747867132E-05 2.53019552001146E-06
130030.07518797 -2.8952225300626E-06 -2.57667989890546E-07
130526.315789474 1.76963409906798E-05 9.12735789045628E-06
131022.556390977 -5.61995710274367E-06 -7.70660102661229E-06
131518.796992481 -6.53056503210487E-06 -5.54733363969166E-06
132015.037593985 -5.56746307064089E-07 -1.63781877781887E-05
132511.278195489 -8.69119052631605E-06 -1.28435151354258E-05
133007.518796992 -5.79599961850992E-06 -9.4989171242139E-07
133503.759398496 -3.40737739095509E-06 4.20498590904803E-06
134000 -1.24795585870568E-06 1.16640315270866E-05
134496.240601504 -8.48161666092371E-06 -1.02710337668089E-05
134992.481203008 -6.94389915437171E-06 1.93265376334993E-06
135488.721804511 7.73004783647488E-06 -1.70894470931835E-06
135984.962406015 -3.7835733083721E-06 5.03956137956741E-06
136481.203007519 -1.10518711956564E-06 2.8966137455111E-06
136977.443609023 6.67207965698738E-06 -4.13368082738208E-06
137473.684210526 -2.9211263279057E-07 5.30215865661995E-06
137969.92481203 -3.1435281892379E-07 2.14369444854776E-06
138466.165413534 -2.91291403054547E-06 -2.32765237850144E-06
138962.406015038 8.11142032477471E-06 -3.30932391730752E-06
139458.646616541 -1.69608771403513E-07 -1.26258633759216E-06
139954.887218045 -3.2198832490861E-06 3.38088889603817E-06
140451.127819549 4.33440316531681E-06 8.97574806356999E-07
140947.368421053 2.87016724497415E-06 -3.49318269341648E-06
141443.609022556 7.15834519665799E-07 4.08844443785139E-06
141939.84962406 5.08809831080575E-06 4.21850593758133E-06
142436.090225564 5.99003280810444E-06 2.44239029677745E-06
142932.330827068 3.85552754620884E-06 -2.74670405359895E-06
143428.571428571 4.96686088352529E-06 -3.48258408668216E-06
143924.812030075 3.50070568199727E-06 -2.7398506194789E-06
144421.052631579 -4.4186761612266E-06 -6.4056596585213E-06
144917.293233083 -8.55839846423447E-06 -4.79724195623041E-06
145413.533834586 -1.17509684008313E-05 -1.12861132921197E-05
145909.77443609 -5.17066197436004E-05 2.74229542908263E-05
146406.015037594 6.2480936207168E-06 -2.12732719409522E-05
146902.255639098 2.4271839470808E-06 2.03447249903944E-06
147398.496240601 5.46198313104554E-06 -6.16306437780913E-06
147894.736842105 -4.08250509828088E-06 -4.61254942820105E-06
148390.977443609 -4.31021177266249E-06 6.39207256905812E-06
148887.218045113 3.27695847831135E-06 -2.02119879944256E-06
149383.458646617 -6.11972156860428E-06 -8.75517882175736E-06
149879.69924812 -2.48609074836336E-06 5.70940773616393E-06
150375.939849624 3.69917134661182E-06 1.98478302659726E-06
150872.180451128 1.66937883434174E-06 -1.82968771195232E-06
151368.421052632 -4.41714609099262E-06 5.25546874983803E-08
151864.661654135 4.16206622458255E-07 2.6592508422908E-06
152360.902255639 2.10346127111922E-06 3.01613332087212E-06
152857.142857143 -2.74497052587928E-06 -4.12020729774727E-07
153353.383458647 3.75687876214058E-08 1.29660569654083E-06
153849.62406015 4.31143398333969E-06 -1.60746770377112E-06
154345.864661654 -2.98527674576353E-06 5.86126114877185E-07
154842.105263158 2.23461104912816E-06 1.02003376229542E-06
155338.345864662 -3.16244852075086E-06 -1.07464056493811E-06
155834.586466165 1.65464005861785E-07 2.91071393939348E-06
156330.827067669 1.55723213069071E-06 3.43028682808905E-06
156827.067669173 -1.27428234896537E-06 -1.17964849236468E-06
157323.308270677 -4.9741059639083E-06 9.09945275726356E-07
157819.54887218 -5.6365863042959E-06 3.40222048563759E-06
158315.789473684 -1.44556980887363E-06 1.08278032115019E-06
158812.030075188 4.67044468896583E-06 -1.2081553183955E-05
159308.270676692 -9.10991471448345E-06 2.75892241441755E-06
159804.511278195 1.92139758967261E-06 5.74773581441546E-06
160300.751879699 9.02095273194725E-06 -5.4174657243669E-06
160796.992481203 -9.55648677273847E-06 -4.81800502155274E-06
161293.233082707 -7.08890620806297E-06 7.83111073146044E-06
161789.473684211 8.50677992231691E-06 3.97470306856768E-06
162285.714285714 4.28232342705531E-06 -3.90602081358781E-06
162781.954887218 -7.17373550829769E-06 -4.49903356429208E-06
163278.195488722 -4.98700467193228E-06 6.11325377203585E-06
163774.436090226 1.8729823029742E-06 8.08689229873916E-06
164270.676691729 3.2644905411566E-06 -4.06289367931289E-06
164766.917293233 -6.86998870839973E-06 7.77155069948301E-07
165263.157894737 1.540649547519E-06 5.78763908937907E-06
165759.398496241 4.41227155097471E-06 -2.96475229691628E-06
166255.639097744 2.30907460026327E-06 -3.33841595349462E-06
166751.879699248 -3.31400480696756E-06 3.30322077192351E-06
167248.120300752 -5.72934772159812E-06 4.23043644612827E-06
167744.360902256 2.0482636839163E-06 7.00139924299377E-07
168240.601503759 3.84233845520948E-06 -1.3435898020487E-06
168736.842105263 -8.7442960592815E-08 -1.91468841275948E-06
169233.082706767 -3.24008877982043E-06 -2.13349490435692E-06
169729.323308271 -2.33495699393635E-06 1.34966239063037E-06
170225.563909774 1.24775749025588E-06 1.05450158238164E-07
170721.804511278 4.4342802703285E-07 -3.12941398717853E-06
171218.045112782 6.87763784345167E-07 -9.08727761101523E-07
171714.285714286 -1.42924930505413E-06 8.71488634008275E-07
172210.526315789 6.51670283298345E-09 2.32718951669298E-06
172706.766917293 2.17960503283481E-06 3.83920967465897E-07
173203.007518797 1.50941480874064E-06 3.38143388633558E-06
173699.248120301 2.10457704679208E-06 -3.32078156701463E-06
174195.488721804 -2.06424795096682E-06 3.15996805561008E-06
174691.729323308 2.57285980557691E-06 1.42021034579551E-06
175187.969924812 -2.15185523025451E-06 -2.8306674162599E-06
175684.210526316 -1.04488157751829E-06 -1.77642152670742E-06
176180.45112782 -7.37897144290462E-07 5.487027928438E-07
176676.691729323 -1.85761992719839E-06 3.14847170567737E-06
177172.932330827 1.88615719971073E-06 -1.57830129224462E-06
177669.172932331 2.36959261617914E-06 -1.94672429284593E-06
178165.413533835 -5.97535873051061E-08 -2.93918171672279E-06
178661.654135338 2.76048567652265E-07 -1.33023863314714E-06
179157.894736842 -9.96038456399074E-07 -2.56215341678082E-08
179654.135338346 2.68539880554045E-06 -7.65939442998193E-07
180150.37593985 -1.11097795831148E-06 -3.17819897881783E-06
180646.616541353 -2.20849665586496E-06 1.02014472212546E-06
181142.857142857 -6.41581266877329E-07 2.59992851583154E-06
181639.097744361 2.52233758784585E-06 3.11700208200075E-06
182135.338345865 3.743170814879E-06 -1.05057455107055E-06
182631.578947368 -2.61768673567375E-06 -2.61755195101388E-06
183127.819548872 -4.80336433425628E-06 1.91080035380783E-06
183624.060150376 6.53165827679351E-06 4.10183272296662E-06
184120.30075188 3.93266655486312E-06 -6.25054387721481E-06
184616.541353383 -3.89615569901562E-06 -5.71899321737902E-07
185112.781954887 -7.5118862507634E-07 5.88300457858979E-06
185609.022556391 4.63880768760318E-06 -2.12171433427321E-07
186105.263157895 -3.65226544339223E-06 -1.74183938386431E-06
186601.503759399 -1.26733073610398E-06 3.09506007909088E-06
187097.744360902 1.26273478827372E-06 -5.44055962308061E-07
187593.984962406 -1.57232213625599E-06 3.93088319281912E-06
188090.22556391 9.64127566591252E-07 -2.0715660050866E-07
188586.466165414 -5.13411798350263E-06 2.37850152953503E-06
189082.706766917 2.43460311207433E-06 -1.11815019843158E-06
189578.947368421 2.01450747977935E-06 2.0349455685241E-06
190075.187969925 -2.95213863473444E-06 -1.02096087126092E-06
190571.428571429 -2.45481185014179E-06 -1.46897323589946E-07
191067.669172932 1.36023025842995E-06 2.10360012813747E-07
191563.909774436 1.7777294892487E-06 8.13311302345256E-07
192060.15037594 -9.98976998681877E-07 -1.68074675891126E-08
192556.390977444 -1.65487852058471E-06 -5.00112267065373E-06
193052.631578947 1.28340081962572E-06 -9.51238599059589E-08
193548.872180451 -3.83693715252279E-07 -1.9401306369767E-06
194045.112781955 -2.39296523871644E-06 -2.44101102622075E-07
194541.353383459 -3.54333206720754E-06 2.79678632095473E-08
195037.593984962 -2.28880458444118E-06 3.371603248871E-06
195533.834586466 2.73865334517434E-06 7.5992299701965E-07
196030.07518797 -2.28053457050775E-06 5.43624194796333E-07
196526.315789474 -1.4570433196712E-06 2.60947633508711E-06
197022.556390977 3.24810906368886E-07 -9.01109839088151E-08
197518.796992481 -1.39948321433317E-06 -3.34233033547843E-06
198015.037593985 -9.23538696320241E-07 5.76571675373181E-07
198511.278195489 1.06531365797346E-06 2.42215765737974E-08
199007.518796992 -1.06425568401392E-06 -6.64012792847936E-07
199503.759398496 4.88457813078033E-07 1.05191778724498E-06
200000 -2.323943577396E-06 -5.53340877099674E-07
