1.000000 
0.000000 
-0.000000 
0.000000 
-0.000000 
0.000000 
-0.000000 
0.000000 
-0.000000 
0.000000 
0.879062 
0.372796 
-0.728430 
1.124485 
-1.260248 
1.005909 
-0.557994 
0.204756 
-0.044754 
0.004417 
0.770163 
0.685530 
-1.306455 
2.000836 
-2.233670 
1.778747 
-0.985183 
0.361118 
-0.078866 
0.007779 
0.672318 
0.944355 
-1.751993 
2.661113 
-2.958896 
2.350695 
-1.299930 
0.475960 
-0.103861 
0.010238 
0.584608 
1.154956 
-2.081460 
3.134492 
-3.470916 
2.750809 
-1.518774 
0.555463 
-0.121108 
0.011931 
0.506173 
1.322582 
-2.309861 
3.447450 
-3.801327 
3.005238 
-1.656567 
0.605166 
-0.131833 
0.012979 
0.436216 
1.452063 
-2.450880 
3.623952 
-3.978574 
3.137438 
-1.726595 
0.630018 
-0.137129 
0.013491 
0.373994 
1.547843 
-2.516967 
3.685615 
-4.028172 
3.168370 
-1.740699 
0.634419 
-0.137966 
0.013565 
0.318815 
1.614000 
-2.519414 
3.651878 
-3.972922 
3.116689 
-1.709390 
0.622265 
-0.135204 
0.013284 
0.270038 
1.654267 
-2.468435 
3.540152 
-3.833113 
2.998921 
-1.641947 
0.596991 
-0.129597 
0.012724 
0.227069 
1.672057 
-2.373242 
3.365970 
-3.626714 
2.829634 
-1.546527 
0.561607 
-0.121805 
0.011951 
0.189359 
1.670480 
-2.242106 
3.143126 
-3.369557 
2.621597 
-1.430251 
0.518735 
-0.112404 
0.011021 
0.156397 
1.652367 
-2.082435 
2.883806 
-3.075504 
2.385929 
-1.299297 
0.470643 
-0.101889 
0.009983 
0.127715 
1.620282 
-1.900826 
2.598714 
-2.756615 
2.132240 
-1.158983 
0.419278 
-0.090683 
0.008879 
0.102879 
1.576547 
-1.703131 
2.297191 
-2.423298 
1.868767 
-1.013844 
0.366294 
-0.079148 
0.007744 
0.081491 
1.523252 
-1.494512 
1.987326 
-2.084451 
1.602497 
-0.867706 
0.313080 
-0.067585 
0.006607 
0.063185 
1.462277 
-1.279492 
1.676060 
-1.747599 
1.339282 
-0.723753 
0.260788 
-0.056241 
0.005494 
0.047625 
1.395303 
-1.062012 
1.369290 
-1.419025 
1.083954 
-0.584597 
0.210358 
-0.045321 
0.004424 
0.034503 
1.323827 
-0.845469 
1.071957 
-1.103880 
0.840424 
-0.452329 
0.162538 
-0.034983 
0.003412 
0.023539 
1.249177 
-0.632771 
0.788137 
-0.806305 
0.611781 
-0.328582 
0.117904 
-0.025351 
0.002471 
0.014476 
1.172527 
-0.426373 
0.521123 
-0.529528 
0.400375 
-0.214580 
0.076887 
-0.016514 
0.001608 
0.007080 
1.094903 
-0.228321 
0.273504 
-0.275966 
0.207910 
-0.111187 
0.039782 
-0.008536 
0.000831 
0.001142 
1.017198 
-0.040285 
0.047233 
-0.047312 
0.035513 
-0.018950 
0.006770 
-0.001451 
0.000141 
-0.003533 
0.940187 
0.136400 
-0.156299 
0.155377 
-0.116190 
0.061859 
-0.022066 
0.004725 
-0.000459 
-0.007115 
0.864528 
0.300706 
-0.336206 
0.331600 
-0.247008 
0.131202 
-0.046731 
0.009995 
-0.000970 
-0.009763 
0.790782 
0.451875 
-0.492042 
0.481345 
-0.357127 
0.189247 
-0.067301 
0.014378 
-0.001395 
-0.011614 
0.719412 
0.589398 
-0.623753 
0.605018 
-0.447050 
0.236329 
-0.083911 
0.017906 
-0.001735 
-0.012796 
0.650801 
0.712980 
-0.731620 
0.703380 
-0.517546 
0.272924 
-0.096748 
0.020622 
-0.001997 
-0.013419 
0.585254 
0.822519 
-0.816216 
0.777490 
-0.569605 
0.299624 
-0.106039 
0.022577 
-0.002184 
-0.013582 
0.523005 
0.918082 
-0.878361 
0.828658 
-0.604393 
0.317108 
-0.112040 
0.023826 
-0.002303 
-0.013373 
0.464231 
0.999881 
-0.919083 
0.858389 
-0.623214 
0.326126 
-0.115031 
0.024433 
-0.002360 
-0.012869 
0.409048 
1.068258 
-0.939579 
0.868344 
-0.627472 
0.327475 
-0.115307 
0.024462 
-0.002361 
-0.012138 
0.357528 
1.123659 
-0.941184 
0.860301 
-0.618644 
0.321984 
-0.113174 
0.023981 
-0.002312 
-0.011239 
0.309696 
1.166622 
-0.925341 
0.836118 
-0.598247 
0.310496 
-0.108941 
0.023055 
-0.002221 
-0.010221 
0.265541 
1.197761 
-0.893568 
0.797699 
-0.567815 
0.293858 
-0.102916 
0.021752 
-0.002093 
-0.009128 
0.225019 
1.217749 
-0.847439 
0.746970 
-0.528876 
0.272904 
-0.095400 
0.020138 
-0.001936 
-0.007997 
0.188055 
1.227305 
-0.788558 
0.685847 
-0.482933 
0.248450 
-0.086687 
0.018275 
-0.001755 
-0.006859 
0.154551 
1.227184 
-0.718538 
0.616220 
-0.431446 
0.221280 
-0.077058 
0.016224 
-0.001557 
-0.005739 
0.124390 
1.218165 
-0.638986 
0.539929 
-0.375817 
0.192143 
-0.066780 
0.014041 
-0.001346 
-0.004657 
0.097435 
1.201041 
-0.551482 
0.458750 
-0.317378 
0.161742 
-0.056102 
0.011780 
-0.001128 
-0.003632 
0.073538 
1.176610 
-0.457571 
0.374376 
-0.257384 
0.130734 
-0.045254 
0.009489 
-0.000908 
-0.002674 
0.052538 
1.145667 
-0.358744 
0.288410 
-0.196997 
0.099723 
-0.034448 
0.007213 
-0.000689 
-0.001793 
0.034267 
1.108998 
-0.256435 
0.202353 
-0.137287 
0.069256 
-0.023873 
0.004991 
-0.000477 
-0.000996 
0.018551 
1.067370 
-0.152004 
0.117592 
-0.079226 
0.039824 
-0.013698 
0.002860 
-0.000273 
-0.000287 
0.005212 
1.021533 
-0.046737 
0.035400 
-0.023678 
0.011859 
-0.004070 
0.000848 
-0.000081 
0.000333 
-0.005928 
0.972208 
0.058166 
-0.043073 
0.028594 
-0.014267 
0.004885 
-0.001017 
0.000097 
0.000864 
-0.015048 
0.920087 
0.161592 
-0.116799 
0.076936 
-0.038239 
0.013064 
-0.002715 
0.000258 
0.001308 
-0.022325 
0.865827 
0.262520 
-0.184878 
0.120796 
-0.059802 
0.020383 
-0.004230 
0.000402 
0.001667 
-0.027933 
0.810051 
0.360023 
-0.246537 
0.159728 
-0.078755 
0.026779 
-0.005548 
0.000526 
0.001946 
-0.032040 
0.753341 
0.453268 
-0.301127 
0.193389 
-0.094953 
0.032208 
-0.006662 
0.000631 
0.002149 
-0.034812 
0.696242 
0.541522 
-0.348121 
0.221532 
-0.108304 
0.036644 
-0.007568 
0.000716 
0.002283 
-0.036406 
0.639256 
0.624144 
-0.387116 
0.244004 
-0.118764 
0.040081 
-0.008264 
0.000781 
0.002352 
-0.036971 
0.582843 
0.700589 
-0.417821 
0.260745 
-0.126336 
0.042525 
-0.008753 
0.000827 
0.002365 
-0.036653 
0.527420 
0.770405 
-0.440061 
0.271778 
-0.131065 
0.043999 
-0.009041 
0.000853 
0.002327 
-0.035585 
0.473363 
0.833230 
-0.453765 
0.277203 
-0.133037 
0.044540 
-0.009136 
0.000861 
0.002244 
-0.033895 
0.421005 
0.888789 
-0.458965 
0.277197 
-0.132373 
0.044194 
-0.009049 
0.000851 
0.002124 
-0.031699 
0.370639 
0.936893 
-0.455786 
0.272001 
-0.129227 
0.043021 
-0.008793 
0.000826 
0.001973 
-0.029109 
0.322515 
0.977430 
-0.444441 
0.261919 
-0.123779 
0.041087 
-0.008382 
0.000787 
0.001797 
-0.026223 
0.276845 
1.010367 
-0.425226 
0.247307 
-0.116237 
0.038468 
-0.007833 
0.000734 
0.001602 
-0.023133 
0.233804 
1.035739 
-0.398509 
0.228569 
-0.106825 
0.035245 
-0.007163 
0.000670 
0.001394 
-0.019922 
0.193528 
1.053651 
-0.364726 
0.206149 
-0.095786 
0.031505 
-0.006390 
0.000597 
0.001177 
-0.016663 
0.156120 
1.064268 
-0.324369 
0.180524 
-0.083376 
0.027335 
-0.005533 
0.000517 
0.000957 
-0.013422 
0.121649 
1.067812 
-0.277984 
0.152199 
-0.069857 
0.022827 
-0.004611 
0.000430 
0.000738 
-0.010256 
0.090155 
1.064554 
-0.226161 
0.121698 
-0.055498 
0.018074 
-0.003644 
0.000339 
0.000523 
-0.007214 
0.061645 
1.054815 
-0.169524 
0.089560 
-0.040570 
0.013167 
-0.002649 
0.000246 
0.000317 
-0.004337 
0.036103 
1.038954 
-0.108728 
0.056329 
-0.025340 
0.008195 
-0.001645 
0.000153 
0.000122 
-0.001660 
0.013485 
1.017365 
-0.044448 
0.022552 
-0.010073 
0.003246 
-0.000650 
0.000060 
-0.000059 
0.000790 
-0.006273 
0.990475 
0.022625 
-0.011227 
0.004977 
-0.001598 
0.000319 
-0.000030 
-0.000224 
0.002992 
-0.023258 
0.958732 
0.091794 
-0.044477 
0.019566 
-0.006257 
0.001248 
-0.000115 
-0.000371 
0.004931 
-0.037572 
0.922608 
0.162358 
-0.076681 
0.033462 
-0.010659 
0.002120 
-0.000196 
-0.000500 
0.006597 
-0.049337 
0.882586 
0.233626 
-0.107342 
0.046452 
-0.014737 
0.002925 
-0.000269 
-0.000610 
0.007987 
-0.058686 
0.839162 
0.304913 
-0.135986 
0.058337 
-0.018431 
0.003649 
-0.000336 
-0.000699 
0.009101 
-0.065765 
0.792836 
0.375554 
-0.162171 
0.068942 
-0.021689 
0.004283 
-0.000393 
-0.000769 
0.009944 
-0.070730 
0.744111 
0.444906 
-0.185485 
0.078111 
-0.024465 
0.004819 
-0.000442 
-0.000818 
0.010523 
-0.073743 
0.693484 
0.512350 
-0.205554 
0.085712 
-0.026724 
0.005250 
-0.000480 
-0.000848 
0.010852 
-0.074974 
0.641448 
0.577303 
-0.222040 
0.091635 
-0.028439 
0.005572 
-0.000509 
-0.000860 
0.010943 
-0.074596 
0.588483 
0.639214 
-0.234648 
0.095799 
-0.029589 
0.005782 
-0.000527 
-0.000855 
0.010814 
-0.072784 
0.535055 
0.697572 
-0.243128 
0.098146 
-0.030164 
0.005878 
-0.000535 
-0.000833 
0.010485 
-0.069713 
0.481615 
0.751909 
-0.247272 
0.098644 
-0.030163 
0.005861 
-0.000533 
-0.000797 
0.009975 
-0.065558 
0.428591 
0.801802 
-0.246922 
0.097287 
-0.029592 
0.005734 
-0.000520 
-0.000747 
0.009306 
-0.060491 
0.376389 
0.846875 
-0.241964 
0.094097 
-0.028466 
0.005499 
-0.000498 
-0.000685 
0.008502 
-0.054679 
0.325390 
0.886802 
-0.232336 
0.089120 
-0.026810 
0.005163 
-0.000467 
-0.000614 
0.007584 
-0.048285 
0.275947 
0.921308 
-0.218020 
0.082426 
-0.024653 
0.004733 
-0.000427 
-0.000535 
0.006576 
-0.041465 
0.228386 
0.950171 
-0.199048 
0.074112 
-0.022034 
0.004217 
-0.000380 
-0.000450 
0.005501 
-0.034367 
0.182998 
0.973218 
-0.175498 
0.064297 
-0.018998 
0.003624 
-0.000326 
-0.000360 
0.004382 
-0.027132 
0.140047 
0.990335 
-0.147497 
0.053121 
-0.015596 
0.002965 
-0.000266 
-0.000267 
0.003240 
-0.019891 
0.099762 
1.001454 
-0.115212 
0.040748 
-0.011884 
0.002252 
-0.000201 
-0.000173 
0.002096 
-0.012765 
0.062337 
1.006565 
-0.078855 
0.027357 
-0.007924 
0.001496 
-0.000134 
-0.000081 
0.000971 
-0.005864 
0.027936 
1.005705 
-0.038681 
0.013146 
-0.003781 
0.000711 
-0.000063 
0.000010 
-0.000119 
0.000712 
-0.003313 
0.998964 
0.005020 
-0.001669 
0.000476 
-0.000089 
0.000008 
0.000097 
-0.001155 
0.006874 
-0.031317 
0.986479 
0.051920 
-0.016863 
0.004777 
-0.000892 
0.000079 
0.000178 
-0.002123 
0.012547 
-0.056013 
0.968434 
0.101659 
-0.032196 
0.009049 
-0.001683 
0.000149 
0.000254 
-0.003010 
0.017665 
-0.077373 
0.945055 
0.153846 
-0.047422 
0.013218 
-0.002448 
0.000216 
0.000322 
-0.003803 
0.022174 
-0.095400 
0.916612 
0.208065 
-0.062286 
0.017211 
-0.003175 
0.000280 
0.000381 
-0.004493 
0.026033 
-0.110127 
0.883413 
0.263877 
-0.076529 
0.020958 
-0.003850 
0.000338 
0.000432 
-0.005073 
0.029211 
-0.121618 
0.845801 
0.320821 
-0.089892 
0.024387 
-0.004460 
0.000391 
0.000473 
-0.005536 
0.031691 
-0.129964 
0.804152 
0.378424 
-0.102114 
0.027434 
-0.004995 
0.000436 
0.000504 
-0.005880 
0.033463 
-0.135281 
0.758869 
0.436200 
-0.112941 
0.030034 
-0.005443 
0.000474 
0.000524 
-0.006101 
0.034530 
-0.137710 
0.710383 
0.493656 
-0.122120 
0.032130 
-0.005795 
0.000504 
0.000534 
-0.006200 
0.034904 
-0.137416 
0.659145 
0.550295 
-0.129411 
0.033669 
-0.006043 
0.000524 
0.000534 
-0.006180 
0.034607 
-0.134583 
0.605621 
0.605621 
-0.134583 
0.034607 
-0.006180 
0.000534 
0.000524 
-0.006043 
0.033669 
-0.129411 
0.550295 
0.659145 
-0.137416 
0.034904 
-0.006200 
0.000534 
0.000504 
-0.005795 
0.032130 
-0.122120 
0.493656 
0.710383 
-0.137710 
0.034530 
-0.006101 
0.000524 
0.000474 
-0.005443 
0.030034 
-0.112941 
0.436200 
0.758869 
-0.135281 
0.033463 
-0.005880 
0.000504 
0.000436 
-0.004995 
0.027434 
-0.102114 
0.378424 
0.804152 
-0.129964 
0.031691 
-0.005536 
0.000473 
0.000391 
-0.004460 
0.024387 
-0.089892 
0.320821 
0.845801 
-0.121618 
0.029211 
-0.005073 
0.000432 
0.000338 
-0.003850 
0.020958 
-0.076529 
0.263877 
0.883413 
-0.110127 
0.026033 
-0.004493 
0.000381 
0.000280 
-0.003175 
0.017211 
-0.062286 
0.208065 
0.916612 
-0.095400 
0.022174 
-0.003803 
0.000322 
0.000216 
-0.002448 
0.013218 
-0.047422 
0.153846 
0.945055 
-0.077373 
0.017665 
-0.003010 
0.000254 
0.000149 
-0.001683 
0.009049 
-0.032196 
0.101659 
0.968434 
-0.056013 
0.012547 
-0.002123 
0.000178 
0.000079 
-0.000892 
0.004777 
-0.016863 
0.051920 
0.986479 
-0.031317 
0.006874 
-0.001155 
0.000097 
0.000008 
-0.000089 
0.000476 
-0.001669 
0.005020 
0.998964 
-0.003313 
0.000712 
-0.000119 
0.000010 
-0.000063 
0.000711 
-0.003781 
0.013146 
-0.038681 
1.005705 
0.027936 
-0.005864 
0.000971 
-0.000081 
-0.000134 
0.001496 
-0.007924 
0.027357 
-0.078855 
1.006565 
0.062337 
-0.012765 
0.002096 
-0.000173 
-0.000201 
0.002252 
-0.011884 
0.040748 
-0.115212 
1.001454 
0.099762 
-0.019891 
0.003240 
-0.000267 
-0.000266 
0.002965 
-0.015596 
0.053121 
-0.147497 
0.990335 
0.140047 
-0.027132 
0.004382 
-0.000360 
-0.000326 
0.003624 
-0.018998 
0.064297 
-0.175498 
0.973218 
0.182998 
-0.034367 
0.005501 
-0.000450 
-0.000380 
0.004217 
-0.022034 
0.074112 
-0.199048 
0.950171 
0.228386 
-0.041465 
0.006576 
-0.000535 
-0.000427 
0.004733 
-0.024653 
0.082426 
-0.218020 
0.921308 
0.275947 
-0.048285 
0.007584 
-0.000614 
-0.000467 
0.005163 
-0.026810 
0.089120 
-0.232336 
0.886802 
0.325390 
-0.054679 
0.008502 
-0.000685 
-0.000498 
0.005499 
-0.028466 
0.094097 
-0.241964 
0.846875 
0.376389 
-0.060491 
0.009306 
-0.000747 
-0.000520 
0.005734 
-0.029592 
0.097287 
-0.246922 
0.801802 
0.428591 
-0.065558 
0.009975 
-0.000797 
-0.000533 
0.005861 
-0.030163 
0.098644 
-0.247272 
0.751909 
0.481615 
-0.069713 
0.010485 
-0.000833 
-0.000535 
0.005878 
-0.030164 
0.098146 
-0.243128 
0.697572 
0.535055 
-0.072784 
0.010814 
-0.000855 
-0.000527 
0.005782 
-0.029589 
0.095799 
-0.234648 
0.639214 
0.588483 
-0.074596 
0.010943 
-0.000860 
-0.000509 
0.005572 
-0.028439 
0.091635 
-0.222040 
0.577303 
0.641448 
-0.074974 
0.010852 
-0.000848 
-0.000480 
0.005250 
-0.026724 
0.085712 
-0.205554 
0.512350 
0.693484 
-0.073743 
0.010523 
-0.000818 
-0.000442 
0.004819 
-0.024465 
0.078111 
-0.185485 
0.444906 
0.744111 
-0.070730 
0.009944 
-0.000769 
-0.000393 
0.004283 
-0.021689 
0.068942 
-0.162171 
0.375554 
0.792836 
-0.065765 
0.009101 
-0.000699 
-0.000336 
0.003649 
-0.018431 
0.058337 
-0.135986 
0.304913 
0.839162 
-0.058686 
0.007987 
-0.000610 
-0.000269 
0.002925 
-0.014737 
0.046452 
-0.107342 
0.233626 
0.882586 
-0.049337 
0.006597 
-0.000500 
-0.000196 
0.002120 
-0.010659 
0.033462 
-0.076681 
0.162358 
0.922608 
-0.037572 
0.004931 
-0.000371 
-0.000115 
0.001248 
-0.006257 
0.019566 
-0.044477 
0.091794 
0.958732 
-0.023258 
0.002992 
-0.000224 
-0.000030 
0.000319 
-0.001598 
0.004977 
-0.011227 
0.022625 
0.990475 
-0.006273 
0.000790 
-0.000059 
0.000060 
-0.000650 
0.003246 
-0.010073 
0.022552 
-0.044448 
1.017365 
0.013485 
-0.001660 
0.000122 
0.000153 
-0.001645 
0.008195 
-0.025340 
0.056329 
-0.108728 
1.038954 
0.036103 
-0.004337 
0.000317 
0.000246 
-0.002649 
0.013167 
-0.040570 
0.089560 
-0.169524 
1.054815 
0.061645 
-0.007214 
0.000523 
0.000339 
-0.003644 
0.018074 
-0.055498 
0.121698 
-0.226161 
1.064554 
0.090155 
-0.010256 
0.000738 
0.000430 
-0.004611 
0.022827 
-0.069857 
0.152199 
-0.277984 
1.067812 
0.121649 
-0.013422 
0.000957 
0.000517 
-0.005533 
0.027335 
-0.083376 
0.180524 
-0.324369 
1.064268 
0.156120 
-0.016663 
0.001177 
0.000597 
-0.006390 
0.031505 
-0.095786 
0.206149 
-0.364726 
1.053651 
0.193528 
-0.019922 
0.001394 
0.000670 
-0.007163 
0.035245 
-0.106825 
0.228569 
-0.398509 
1.035739 
0.233804 
-0.023133 
0.001602 
0.000734 
-0.007833 
0.038468 
-0.116237 
0.247307 
-0.425226 
1.010367 
0.276845 
-0.026223 
0.001797 
0.000787 
-0.008382 
0.041087 
-0.123779 
0.261919 
-0.444441 
0.977430 
0.322515 
-0.029109 
0.001973 
0.000826 
-0.008793 
0.043021 
-0.129227 
0.272001 
-0.455786 
0.936893 
0.370639 
-0.031699 
0.002124 
0.000851 
-0.009049 
0.044194 
-0.132373 
0.277197 
-0.458965 
0.888789 
0.421005 
-0.033895 
0.002244 
0.000861 
-0.009136 
0.044540 
-0.133037 
0.277203 
-0.453765 
0.833230 
0.473363 
-0.035585 
0.002327 
0.000853 
-0.009041 
0.043999 
-0.131065 
0.271778 
-0.440061 
0.770405 
0.527420 
-0.036653 
0.002365 
0.000827 
-0.008753 
0.042525 
-0.126336 
0.260745 
-0.417821 
0.700589 
0.582843 
-0.036971 
0.002352 
0.000781 
-0.008264 
0.040081 
-0.118764 
0.244004 
-0.387116 
0.624144 
0.639256 
-0.036406 
0.002283 
0.000716 
-0.007568 
0.036644 
-0.108304 
0.221532 
-0.348121 
0.541522 
0.696242 
-0.034812 
0.002149 
0.000631 
-0.006662 
0.032208 
-0.094953 
0.193389 
-0.301127 
0.453268 
0.753341 
-0.032040 
0.001946 
0.000526 
-0.005548 
0.026779 
-0.078755 
0.159728 
-0.246537 
0.360023 
0.810051 
-0.027933 
0.001667 
0.000402 
-0.004230 
0.020383 
-0.059802 
0.120796 
-0.184878 
0.262520 
0.865827 
-0.022325 
0.001308 
0.000258 
-0.002715 
0.013064 
-0.038239 
0.076936 
-0.116799 
0.161592 
0.920087 
-0.015048 
0.000864 
0.000097 
-0.001017 
0.004885 
-0.014267 
0.028594 
-0.043073 
0.058166 
0.972208 
-0.005928 
0.000333 
-0.000081 
0.000848 
-0.004070 
0.011859 
-0.023678 
0.035400 
-0.046737 
1.021533 
0.005212 
-0.000287 
-0.000273 
0.002860 
-0.013698 
0.039824 
-0.079226 
0.117592 
-0.152004 
1.067370 
0.018551 
-0.000996 
-0.000477 
0.004991 
-0.023873 
0.069256 
-0.137287 
0.202353 
-0.256435 
1.108998 
0.034267 
-0.001793 
-0.000689 
0.007213 
-0.034448 
0.099723 
-0.196997 
0.288410 
-0.358744 
1.145667 
0.052538 
-0.002674 
-0.000908 
0.009489 
-0.045254 
0.130734 
-0.257384 
0.374376 
-0.457571 
1.176610 
0.073538 
-0.003632 
-0.001128 
0.011780 
-0.056102 
0.161742 
-0.317378 
0.458750 
-0.551482 
1.201041 
0.097435 
-0.004657 
-0.001346 
0.014041 
-0.066780 
0.192143 
-0.375817 
0.539929 
-0.638986 
1.218165 
0.124390 
-0.005739 
-0.001557 
0.016224 
-0.077058 
0.221280 
-0.431446 
0.616220 
-0.718538 
1.227184 
0.154551 
-0.006859 
-0.001755 
0.018275 
-0.086687 
0.248450 
-0.482933 
0.685847 
-0.788558 
1.227305 
0.188055 
-0.007997 
-0.001936 
0.020138 
-0.095400 
0.272904 
-0.528876 
0.746970 
-0.847439 
1.217749 
0.225019 
-0.009128 
-0.002093 
0.021752 
-0.102916 
0.293858 
-0.567815 
0.797699 
-0.893568 
1.197761 
0.265541 
-0.010221 
-0.002221 
0.023055 
-0.108941 
0.310496 
-0.598247 
0.836118 
-0.925341 
1.166622 
0.309696 
-0.011239 
-0.002312 
0.023981 
-0.113174 
0.321984 
-0.618644 
0.860301 
-0.941184 
1.123659 
0.357528 
-0.012138 
-0.002361 
0.024462 
-0.115307 
0.327475 
-0.627472 
0.868344 
-0.939579 
1.068258 
0.409048 
-0.012869 
-0.002360 
0.024433 
-0.115031 
0.326126 
-0.623214 
0.858389 
-0.919083 
0.999881 
0.464231 
-0.013373 
-0.002303 
0.023826 
-0.112040 
0.317108 
-0.604393 
0.828658 
-0.878361 
0.918082 
0.523005 
-0.013582 
-0.002184 
0.022577 
-0.106039 
0.299624 
-0.569605 
0.777490 
-0.816216 
0.822519 
0.585254 
-0.013419 
-0.001997 
0.020622 
-0.096748 
0.272924 
-0.517546 
0.703380 
-0.731620 
0.712980 
0.650801 
-0.012796 
-0.001735 
0.017906 
-0.083911 
0.236329 
-0.447050 
0.605018 
-0.623753 
0.589398 
0.719412 
-0.011614 
-0.001395 
0.014378 
-0.067301 
0.189247 
-0.357127 
0.481345 
-0.492042 
0.451875 
0.790782 
-0.009763 
-0.000970 
0.009995 
-0.046731 
0.131202 
-0.247008 
0.331600 
-0.336206 
0.300706 
0.864528 
-0.007115 
-0.000459 
0.004725 
-0.022066 
0.061859 
-0.116190 
0.155377 
-0.156299 
0.136400 
0.940187 
-0.003533 
0.000141 
-0.001451 
0.006770 
-0.018950 
0.035513 
-0.047312 
0.047233 
-0.040285 
1.017198 
0.001142 
0.000831 
-0.008536 
0.039782 
-0.111187 
0.207910 
-0.275966 
0.273504 
-0.228321 
1.094903 
0.007080 
0.001608 
-0.016514 
0.076887 
-0.214580 
0.400375 
-0.529528 
0.521123 
-0.426373 
1.172527 
0.014476 
0.002471 
-0.025351 
0.117904 
-0.328582 
0.611781 
-0.806305 
0.788137 
-0.632771 
1.249177 
0.023539 
0.003412 
-0.034983 
0.162538 
-0.452329 
0.840424 
-1.103880 
1.071957 
-0.845469 
1.323827 
0.034503 
0.004424 
-0.045321 
0.210358 
-0.584597 
1.083954 
-1.419025 
1.369290 
-1.062012 
1.395303 
0.047625 
0.005494 
-0.056241 
0.260788 
-0.723753 
1.339282 
-1.747599 
1.676060 
-1.279492 
1.462277 
0.063185 
0.006607 
-0.067585 
0.313080 
-0.867706 
1.602497 
-2.084451 
1.987326 
-1.494512 
1.523252 
0.081491 
0.007744 
-0.079148 
0.366294 
-1.013844 
1.868767 
-2.423298 
2.297191 
-1.703131 
1.576547 
0.102879 
0.008879 
-0.090683 
0.419278 
-1.158983 
2.132240 
-2.756615 
2.598714 
-1.900826 
1.620282 
0.127715 
0.009983 
-0.101889 
0.470643 
-1.299297 
2.385929 
-3.075504 
2.883806 
-2.082435 
1.652367 
0.156397 
0.011021 
-0.112404 
0.518735 
-1.430251 
2.621597 
-3.369557 
3.143126 
-2.242106 
1.670480 
0.189359 
0.011951 
-0.121805 
0.561607 
-1.546527 
2.829634 
-3.626714 
3.365970 
-2.373242 
1.672057 
0.227069 
0.012724 
-0.129597 
0.596991 
-1.641947 
2.998921 
-3.833113 
3.540152 
-2.468435 
1.654267 
0.270038 
0.013284 
-0.135204 
0.622265 
-1.709390 
3.116689 
-3.972922 
3.651878 
-2.519414 
1.614000 
0.318815 
0.013565 
-0.137966 
0.634419 
-1.740699 
3.168370 
-4.028172 
3.685615 
-2.516967 
1.547843 
0.373994 
0.013491 
-0.137129 
0.630018 
-1.726595 
3.137438 
-3.978574 
3.623952 
-2.450880 
1.452063 
0.436216 
0.012979 
-0.131833 
0.605166 
-1.656567 
3.005238 
-3.801327 
3.447450 
-2.309861 
1.322582 
0.506173 
0.011931 
-0.121108 
0.555463 
-1.518774 
2.750809 
-3.470916 
3.134492 
-2.081460 
1.154956 
0.584608 
0.010238 
-0.103861 
0.475960 
-1.299930 
2.350695 
-2.958896 
2.661113 
-1.751993 
0.944355 
0.672318 
0.007779 
-0.078866 
0.361118 
-0.985183 
1.778747 
-2.233670 
2.000836 
-1.306455 
0.685530 
0.770163 
0.004417 
-0.044754 
0.204756 
-0.557994 
1.005909 
-1.260248 
1.124485 
-0.728430 
0.372796 
0.879062 
-0.000000 
0.000000 
-0.000000 
0.000000 
-0.000000 
0.000000 
-0.000000 
0.000000 
-0.000000 
1.000000 
