urRe urIm urAbs uzRe uzIm uzAbs
1,1522445867706 -0,011295026786338 1,15229994592217 -0,286801105502615 -0,0232145267503348 0,287739097742667
0,975202774452153 -0,00901203491437012 0,975244414530262 -1,94351778628794 -0,0217252616431848 1,94363920844663
0,540865332181881 -0,00676901171230607 0,540907688127815 -3,26222998103844 -0,0203685753976116 3,26229356864918
0,0503210827016506 0,00485642290283753 0,0505548831239631 -3,95392476649309 -0,0191618219587718 3,95397119798668
0,665183516991484 0,0024459224465449 0,665188013883123 -3,90083766437207 -0,0181082591572797 3,90087969473982
1,19463613791207 0,000207583646644564 1,19463615594726 -3,1586004833518 -0,0171985790206993 3,15864730613447
1,5598017220209 -0,00205612447789967 1,5598030772079 -1,91180432333286 -0,0164155438949936 1,91187479736398
1,73168357231964 -0,00434252111470099 1,73168901715387 -0,40542403216303 -0,0157397456102331 0,405729448582679
1,72494852278187 -0,00661757109418788 1,72496121651896 1,12308928386194 -0,0151545849013766 1,12319152461593
1,58376562516028 -0,00881639756593269 1,58379016422801 2,49245692577286 -0,01464926337736 2,49249997547655
1,36488382723218 -0,0108451908404694 1,36492691379588 3,59890770929387 -0,0142194959753865 3,59893580021659
1,12354099935867 -0,0125915895523589 1,12361155448283 4,41224899567756 -0,0138664059855264 4,41227078464962
0,905016673371693 -0,0139469580676486 0,905124133321008 4,95511226377469 -0,0135944375453485 4,95513091202871
0,741780501698486 -0,014836598461502 0,741928862731438 5,27555357619955 -0,0134091014874859 5,2755706174171
0,654209036086584 -0,0152346769654403 0,654386398299643 5,42139037299041 -0,0133151054926971 5,42140672412496
0,652074231268127 -0,0151363428095843 0,652249884597589 5,42139037299041 -0,0133151054926971 5,42140672412496
0,735316242872273 -0,0145216049042982 0,735459620945156 5,27555357619955 -0,0134091014874859 5,2755706174171
0,894528486970117 -0,0133780105750011 0,894628517971561 4,95511226377469 -0,0135944375453485 4,95513091202871
1,11031983177824 -0,0117550198125572 1,11038205556955 4,41224899567756 -0,0138664059855264 4,41227078464962
1,35116603755276 -0,00976740719154679 1,35120134076283 3,59890770929387 -0,0142194959753865 3,59893580021659
1,57219911917785 -0,0075534923798832 1,57221726411802 2,49245692577286 -0,01464926337736 2,49249997547655
1,71788045485525 -0,00523749697325707 1,71788843891221 1,12308928386194 -0,0151545849013766 1,12319152461593
1,73049932491775 -0,00291104311203446 1,73050177339198 -0,405424032163031 -0,0157397456102331 0,405729448582679
1,56451588383727 -0,000628788500080956 1,56451601019424 -1,91180432333286 -0,0164155438949936 1,91187479736398
1,20387434716118 0,00158872809303525 1,20387539546654 -3,1586004833518 -0,0171985790206993 3,15864730613447
0,67657496669189 0,00375356676043534 0,676585378808586 -3,90083766437206 -0,0181082591572797 3,90087969473982
0,0612797219099469 0,00607302456303652 0,0615799151079609 -3,95392476649309 -0,0191618219587718 3,95397119798668
0,533102947160408 -0,0078496894315906 0,533160735515365 -3,26222998103844 -0,0203685753976116 3,26229356864918
0,971697913496525 -0,00999110963717437 0,971749277007851 -1,94351778628794 -0,0217252616431848 1,94363920844663
1,15316877743466 -0,0121681037584975 1,15323297386054 -0,286801105502615 -0,0232145267503348 0,287739097742667
0,975202774452153 -0,00901203491437012 0,975244414530262 -1,94351778628794 -0,0217252616431848 1,94363920844663
0,496328606118887 -0,00678118620347353 0,496374928595556 -3,34362124921621 -0,0202660560665673 3,34368266604931
0,161595497453973 0,0046183628738233 0,161661479867751 -3,99896095710108 -0,0189662372511599 3,99900593330071
0,837511565258641 0,00245727394751258 0,837515170093791 -3,75043632130952 -0,0178305726274668 3,75047870671437
1,38062950713832 0,00028346377293142 1,38062953623798 -2,66956255705648 -0,016846851276915 2,66961571437461
1,68882061620334 -0,00193938106246155 1,68882172976082 -1,00757864870406 -0,0159916300681844 1,00770554506589
1,72693906075554 -0,00423168079042376 1,72694424538998 0,897271509053552 -0,0152382300546778 0,897400894034789
1,52257182824901 -0,00659655829917245 1,52258611801071 2,71868793473484 -0,0145641225201482 2,71872694475513
1,14568556230003 -0,00901585581805455 1,14572103643027 4,21726218793971 -0,0139556169164859 4,21728527859684
0,68257752993233 -0,0114548362003862 0,682673639187056 5,27555357619955 -0,0134091014874859 5,2755706174171
0,217177104302578 -0,013750360641896 0,217611964402317 5,8935928908647 -0,012929371856696 5,89360707308416
0,223491860028114 0,013854359534561 0,223920867220853 6,1568563825171 -0,012526346544376 6,15686912515601
0,551226909221713 0,016511620185695 0,551474150845966 6,19306079384645 -0,0122115587799483 6,1930728332909
0,778487619157183 0,0177098659306169 0,778689034552497 6,13164727575929 -0,0119953859254384 6,1316590090782
0,89537906830401 0,0181441120141701 0,895562887103826 6,07366889339075 -0,0118853545914127 6,07368052240124
0,900357953633874 0,0178228525809052 0,900534340681074 6,07366889339075 -0,0118853545914127 6,07368052240124
0,793426740292912 0,0167352160983429 0,793603212991035 6,13164727575929 -0,0119953859254384 6,1316590090782
0,576313835326666 0,0147934647783617 0,57650367161804 6,19306079384645 -0,0122115587799483 6,1930728332909
0,262195233205365 0,0106337906078175 0,262410780682324 6,1568563825171 -0,012526346544376 6,15686912515601
0,207078918433736 -0,0130083606462636 0,20748709816851 5,8935928908647 -0,012929371856696 5,89360707308416
0,658270472839319 -0,0101792545526662 0,658349172275129 5,27555357619955 -0,0134091014874859 5,27557061741709
1,12294312862211 -0,00743993477872932 1,12296777458177 4,21726218793971 -0,0139556169164859 4,21728527859684
1,50631561184821 -0,00491821533480337 1,50632364096821 2,71868793473485 -0,0145641225201482 2,71872694475514
1,71948602137247 -0,00255714900407263 1,71948792281491 0,897271509053552 -0,0152382300546778 0,897400894034789
1,690159938404 -0,000332378558291833 1,69015997108597 -1,00757864870406 -0,0159916300681844 1,00770554506589
1,38871762774298 0,00178529750898026 1,3887187753074 -2,66956255705647 -0,016846851276915 2,6696157143746
0,849012452654785 0,00383388875008421 0,849021108963636 -3,75043632130952 -0,0178305726274668 3,75047870671437
0,17290141162422 0,00586201347390706 0,173000755326721 -3,99896095710108 -0,0189662372511599 3,99900593330071
0,488152344208363 -0,00788891682446248 0,488216085524416 -3,3436212492162 -0,0202660560665673 3,34368266604931
0,971697913496525 -0,00999110963717437 0,971749277007852 -1,94351778628794 -0,0217252616431848 1,94363920844663
0,540865332181881 -0,00676901171230607 0,540907688127815 -3,26222998103844 -0,0203685753976116 3,26229356864918
0,161595497453973 0,0046183628738233 0,161661479867751 -3,99896095710108 -0,0189662372511599 3,99900593330071
0,893859200833202 0,00247552558508998 0,893862628786489 -3,68662868786447 -0,0177389358614436 3,68667136479925
1,46251877097042 0,000364306053422471 1,46251881634382 -2,38533046138855 -0,0166732986182563 2,38538873329169
1,72957108111902 -0,00177309651148377 1,72957198997742 -0,405424032163027 -0,0157397456102331 0,405729448582676
1,64501245680815 -0,00397878009099752 1,64501726852486 1,80741194511424 -0,0149028810205377 1,80747338436956
1,24740015366594 -0,00629717586122277 1,24741604839349 3,80998371293206 -0,0141321202782581 3,81000992251085
0,638668473448133 -0,0088267252248833 0,638729465466221 5,27555357619955 -0,0134091014874859 5,27557061741709
0,0967372247615961 0,00421352222278374 0,096828944144287 6,05389815366839 -0,0127301516095673 6,05391153815032
0,744035327176884 0,0128148936598636 0,744145677664479 6,17127395149086 -0,0121041160320758 6,1712858217696
1,31943754434009 0,0153679574778094 1,31952703933312 5,78493635976961 -0,0115473654543481 5,78494788466011
1,76218055542087 0,0175422285785256 1,76226786831256 5,11753557409818 -0,0110782873773652 5,1175475650561
2,06964555904721 0,0192774472440466 2,06973533575094 4,39565174547209 -0,0107130817926465 4,39566480041339
2,25802984594753 0,0204301941641529 2,25812226817403 3,80728311170255 -0,0104636407456152 3,80729749040354
2,34732816327514 0,0208817834028034 2,34742104339693 3,48109256402796 -0,0103372536130253 3,48110791245302
2,35064637557287 0,0205748377846895 2,35073641800686 3,48109256402796 -0,0103372536130253 3,48110791245302
2,26861148671083 0,0195286571551138 2,26869553842877 3,8072826826649 -0,0104639086839158 3,8072970621039
2,08890626518321 0,017837620821323 2,08898242343928 4,39565174547209 -0,0107130817926465 4,39566480041339
1,79114991079998 0,0156511511881204 1,7912182897381 5,11753514483414 -0,0110785604286736 5,11754713638417
1,35753902595701 0,0131224697951654 1,3576024477769 5,78493635976961 -0,0115473654543481 5,78494788466011
0,78878500696192 0,0102584296444102 0,788851711405056 6,17127395149085 -0,0121041160320758 6,1712858217696
0,145613669649901 0,00253110491127322 0,145635666239361 6,05389815366839 -0,0127301516095673 6,05391153815032
0,605600062046076 -0,00697753345908583 0,605640257185223 5,27555357619955 -0,0134091014874859 5,27557061741709
1,22236811910235 -0,00433948630812044 1,22237582180736 3,80998371293206 -0,0141321202782581 3,81000992251085
1,63192045350563 -0,00210496384384017 1,63192181106902 1,80741194511424 -0,0149028810205377 1,80747338436956
1,72814268516757 -4,09687450978227E-05 1,72814268565319 -0,405424032163028 -0,0157397456102331 0,405729448582677
1,46976228879481 0,00193345688121992 1,46976356051539 -2,38533046138855 -0,0166732986182563 2,38538873329169
0,905346856555801 0,00387764980741833 0,905355160610188 -3,6866286876266 -0,0177389358614437 3,68667136456139
0,172901411624219 0,00586201347390706 0,173000755326721 -3,99896095710108 -0,0189662372511599 3,99900593330071
0,533102947160408 -0,0078496894315906 0,533160735515365 -3,26222998103844 -0,0203685753976116 3,26229356864918
0,0503210827016506 0,00485642290283753 0,0505548831239631 -3,95392476649309 -0,0191618219587718 3,95397119798668
0,83751156525864 0,00245727394751258 0,83751517009379 -3,75043632130952 -0,0178305726274668 3,75047870671437
1,46251877097042 0,000364306053422471 1,46251881634382 -2,38533046138855 -0,0166732986182563 2,38538873329169
1,73630800973689 -0,0016990763886173 1,73630884105826 -0,196345420997043 -0,015656046226181 0,196968617119435
1,57836865588371 -0,00378349521219762 1,57837319057064 2,26482891185985 -0,0147340776240566 2,2648768383821
1,02869382388394 -0,00594660393550547 1,02871101160401 4,41224899567756 -0,0138664059855264 4,41227078464962
0,224175747522992 -0,00842959346512658 0,224334178901655 5,79352027159897 -0,0130273415719538 5,79353491825644
0,675396331364895 0,0101099225260163 0,675471994204528 6,19306079384644 -0,0122115587799483 6,1930728332909
1,49134857169247 0,0126456043335746 1,49140218371777 5,64902903137384 -0,0114320600067975 5,6490405990133
2,12782257506038 0,015146122158591 2,12787648042667 4,39565174547209 -0,0107130817926465 4,3956648004134
2,5485205564648 0,0175918029846138 2,54858127165996 2,76564179454001 -0,0100816735727182 2,76566016998628
2,77556298600895 0,0198316932237088 2,77563383488511 1,09304968666043 -0,00955968959085558 1,0930914898459
2,86452803357562 0,0216650373252134 2,86460996105629 -0,353397071937118 -0,00916171883379814 0,353515809470691
2,87868243992099 0,0228931528851106 2,87877346909383 -1,39536526749074 -0,00889524330794248 1,39539362012051
2,8699005645474 0,0233670511159153 2,86999569154159 -1,93598341839953 -0,00876199772138403 1,93600324610317
2,86764451072611 0,0230155626604149 2,86773687008104 -1,93598341839953 -0,00876199772138403 1,93600324610317
2,87399279916391 0,021856561421758 2,87407590695222 -1,39536526749074 -0,00889524330794248 1,39539362012051
2,86288432872826 0,0200036009185721 2,86295421264951 -0,353397071937118 -0,00916171883379814 0,353515809470691
2,78364729826202 0,0176565478086543 2,78370329503737 1,09305009498891 -0,00955944109314951 1,09309189598555
2,57118128748805 0,0150566183157269 2,57122537224644 2,76564221031237 -0,0100814167747287 2,76566058481978
2,16558901013022 0,0124180122742721 2,16562461378366 4,39565131299964 -0,0107133538708067 4,39566436860534
1,53983444176956 0,00986974907039583 1,53986607210058 5,64902903137384 -0,0114320600067975 5,6490405990133
0,727005868754 0,00736758681976689 0,727043199912017 6,19306079384645 -0,0122115587799483 6,1930728332909
0,185043697620327 -0,00641139724978825 0,185154735407165 5,79352027159897 -0,0130273415719538 5,79353491825644
0,997323930370177 -0,00376938291501573 0,997331053530661 4,41224899567756 -0,0138664059855264 4,41227078464962
1,56195444517154 -0,0017939118094439 1,56195547532916 2,26482843067772 -0,0147344276752836 2,26487635948742
1,73381750215272 7,84020524393278E-05 1,73381750392537 -0,196345910141462 -0,0156564164163127 0,196969134141063
1,46976254988007 0,00193365359697869 1,46976382185921 -2,38533095706364 -0,0166736902467168 2,38538923169209
0,849012700020384 0,00383411895286013 0,84902135736626 -3,75043681243918 -0,0178309791759555 3,75047919977132
0,0612797219099469 0,00607302456303652 0,0615799151079609 -3,95392476649309 -0,0191618219587718 3,95397119798668
0,665183516991484 0,0024459224465449 0,665188013883123 -3,90083766437207 -0,0181082591572797 3,90087969473982
1,38062950713832 0,00028346377293142 1,38062953623798 -2,66956255705648 -0,016846851276915 2,66961571437461
1,7295714022828 -0,00177294200923588 1,72957231098265 -0,405424521934545 -0,0157401176075228 0,405729952416817
1,57836865588371 -0,00378349521219762 1,57837319057064 2,26482891185985 -0,0147340776240566 2,2648768383821
0,946909161029876 -0,00578900167948491 0,946926856617104 4,60064106525421 -0,0137765000492704 4,60066169189357
0,0161988780786665 0,00297726891709821 0,0164702089000784 5,98059856151018 -0,0128306238636592 5,9806123247412
1,05411975051599 0,00988153758306219 1,05416606529185 6,07366889339075 -0,0118853545914127 6,07368052240124
1,96258467800821 0,0120969582871544 1,96262195920468 4,89827538622638 -0,0109577917584275 4,8982876428923
2,57727170827923 0,0144479857695723 2,57731220510619 2,76564221031237 -0,0100814167747287 2,76566058481978
2,84615963711643 0,0169267836831213 2,84620997046188 0,145379094682628 -0,00929492910842579 0,145675931017691
2,81404869800631 0,0194443667456325 2,81411587503947 -2,48774687026331 -0,00862894007256479 2,48776183528723
2,58613571133352 0,0218134550077785 2,58622770541457 -4,7711744605 -0,00810182466581764 4,77118133925869
2,28439391248402 0,023776633421319 2,2845176461763 -6,50464559140056 -0,0077169106178921 6,50465016895115
2,01538209683266 0,0250913840706347 2,01553828388056 -7,63190182371893 -0,00746826359426249 7,63190547778505
1,8550089038459 0,0256040730202328 1,85518559769711 -8,17792361352438 -0,00734698138852008 8,17792691375847
1,84330775377652 0,0252413834050441 1,84348056745083 -8,17792361352438 -0,00734698138852008 8,17792691375847
1,98274284352754 0,0239801453913414 1,98288785132509 -7,63190182371893 -0,00746826359426249 7,63190547778505
2,23944004082224 0,0218997541495136 2,23954711843036 -6,50464559140056 -0,0077169106178921 6,50465016895115
2,5434230965002 0,0192551180924971 2,54349598139714 -4,7711744605 -0,00810182466581764 4,77118133925869
2,7889752496629 0,0164088913052759 2,78902351997005 -2,48774687026331 -0,00862894007256479 2,48776183528723
2,84830877731449 0,0136674554691564 2,84834156839831 0,145379506781066 -0,00929468016904983 0,145676326392969
2,60679086422538 0,0111883173613166 2,60681487418157 2,76564221031237 -0,0100814167747287 2,76566058481978
2,01110193629598 0,00899314078809715 2,01112204372452 4,89827538622637 -0,0109577917584275 4,89828764289229
1,1088235777353 0,00702210725074296 1,1088458127855 6,07366889339075 -0,0118853545914127 6,07368052240124
0,0597264009153071 0,00457885312147474 0,0599016599286199 5,98059901288118 -0,0128303194912306 5,98061277545818
0,913194888599599 -0,00352273965686917 0,913201683232748 4,60064106525421 -0,0137765000492704 4,60066169189357
1,5619541640728 -0,00179403807430856 1,56195519437561 2,26482891185985 -0,0147340776240566 2,2648768383821
1,72814295652688 -4,0809415567644E-05 1,72814295700873 -0,405424512806936 -0,0157401106747975 0,405729943027128
1,38871789919868 0,00178549822254215 1,38871904702092 -2,66956305361658 -0,0168472464271814 2,66961621341849
0,676574966691888 0,00375356676043535 0,676585378808583 -3,90083766437207 -0,0181082591572797 3,90087969473982
1,19463613791207 0,000207583646644564 1,19463615594726 -3,1586004833518 -0,0171985790206993 3,15864730613447
1,68882061620334 -0,00193938106246155 1,68882172976082 -1,00757864870406 -0,0159916300681844 1,00770554506589
1,64501245680815 -0,00397878009099752 1,64501726852486 1,80741194511424 -0,0149028810205377 1,80747338436956
1,02869382388394 -0,00594660393550547 1,02871101160401 4,41224899567756 -0,0138664059855264 4,41227078464962
0,0161988750322206 0,00297726571157933 0,0164702053243681 5,98059855293847 -0,0128306296438169 5,98061231618192
1,18099179189341 0,0097415980492636 1,18103196876806 5,99685451837022 -0,0117740114655425 5,99686607669734
2,17782155871151 0,011686253619004 2,17785291287366 4,39565174547209 -0,0107130817926465 4,3956648004134
2,75832622892602 0,0137347237006058 2,75836042384173 1,54011943334116 -0,00969102170894885 1,54014992285065
2,82344537513183 0,0159654551980659 2,82349051390527 -1,93598341839953 -0,00876199772138403 1,93600324610317
2,42550084727907 0,018422567128906 2,42557080934182 -5,35096296079098 -0,007972206563297 5,35096889953908
1,72455240008815 0,0210525247702399 1,7246808949626 -8,17792361352439 -0,00734698138852008 8,17792691375848
0,917795505091948 0,0235974607820411 0,918098812395672 -10,1618923078646 -0,00688751796774034 10,1618946419721
0,185037949397419 0,0236296100878664 0,186540615390071 -11,3249699263956 -0,00657654346955886 11,3249718359335
0,398425755893173 -0,0270459427718068 0,399342667366589 -11,8754466976548 -0,00638880285625898 11,8754484161922
0,71514340330102 -0,0270716508295351 0,715655616594742 -12,0673814390363 -0,006301486326936 12,0673830843281
0,764091598215224 -0,0248783778899068 0,764496503686922 -12,0673814390363 -0,006301486326936 12,0673830843281
0,552875475837645 -0,0187924845157605 0,553194766114953 -11,8754470497869 -0,00638899723670939 11,8754487684288
0,303242293134872 0,0105620154484689 0,303426176385673 -11,3249699263956 -0,00657654346955886 11,3249718359335
0,824621477419485 0,021093362491704 0,824891211592596 -10,1618923078646 -0,00688751796774034 10,1618946419721
1,61917186476702 0,0175538562444092 1,61926701489352 -8,17792361352439 -0,00734698138852008 8,17792691375848
2,3528751347836 0,0144784309668431 2,35291968091693 -5,35096296079097 -0,007972206563297 5,35096889953907
2,79873172763637 0,0120365273443915 2,79875761031015 -1,93598341839953 -0,00876199772138403 1,93600324610317
2,77740598592424 0,0100634757612026 2,77742421754261 1,54011943334115 -0,00969102170894885 1,54014992285064
2,22484789792904 0,00837729511377786 2,2248636695296 4,39565174547209 -0,0107130817926465 4,3956648004134
1,23665117201915 0,0068198866550002 1,23666997703928 5,99685407177997 -0,0117743018456821 5,99686563067807
0,0597264009153091 0,00457885312147479 0,059901659928622 5,98059901288119 -0,0128303194912306 5,98061277545819
0,997323930370177 -0,00376938291501573 0,997331053530661 4,41224899567756 -0,0138664059855264 4,41227078464962
1,63192045350563 -0,00210496384384017 1,63192181106902 1,80741194511424 -0,0149028810205377 1,80747338436956
1,690159938404 -0,000332378558291831 1,69015997108597 -1,00757864870406 -0,0159916300681844 1,00770554506589
1,20387434716118 0,00158872809303525 1,20387539546654 -3,1586004833518 -0,0171985790206993 3,15864730613447
1,5598017220209 -0,00205612447789967 1,5598030772079 -1,91180432333286 -0,0164155438949936 1,91187479736398
1,72693906075554 -0,00423168079042376 1,72694424538998 0,897271509053552 -0,0152382300546778 0,897400894034789
1,24740015366594 -0,00629717586122277 1,24741604839349 3,80998371293206 -0,0141321202782581 3,81000992251085
0,224175747522992 -0,00842959346512658 0,224334178901655 5,79352027159897 -0,0130273415719538 5,79353491825644
1,05411975051599 0,00988153758306219 1,05416606529185 6,07366889339075 -0,0118853545914127 6,07368052240124
2,17782155871151 0,011686253619004 2,17785291287366 4,39565174547209 -0,0107130817926465 4,3956648004134
2,79961759025066 0,0134355471553337 2,79964982909796 1,09305009498891 -0,00955944109314952 1,09309189598555
2,7274498831608 0,0152631414956648 2,72749259002517 -3,04901723348859 -0,00849622583066314 3,04902907102635
1,98422926572756 0,0173165041357569 1,98430482544523 -7,0730661350562 -0,00759164793668055 7,07307020918054
0,780820033486241 0,0197708401151362 0,78107029825254 -10,1618923078646 -0,00688751796774034 10,1618946419721
0,627762124474857 -0,0206851975691768 0,628102827826513 -11,8754466976548 -0,00638880285625898 11,8754484161922
1,90620264673718 -0,024463933883023 1,90635962359909 -12,2401751820696 -0,00606819131968892 12,2401766862533
2,92936789957831 -0,027141119971898 2,92949363055685 -11,675579635978 -0,00588127024955473 11,6755811172465
3,62484638012401 -0,0289207623163663 3,62496175014179 -10,7992463660827 -0,00578372653181768 10,7992479148709
3,98691188454158 -0,029326027379467 3,9870197379723 -10,1897964578529 -0,00574310480282267 10,1897980762979
4,02665929590677 -0,0281201455325683 4,02675748312425 -10,1897964578529 -0,00574310480282267 10,1897980762979
3,74539482303348 -0,025478259279326 3,745481480678 -10,7992463660827 -0,00578372653181768 10,7992479148709
3,12582005413341 -0,0219452670625436 3,12589708812831 -11,675579635978 -0,00588127024955473 11,6755811172465
2,15397265487267 -0,018121234811713 2,15404887992132 -12,2401751820696 -0,00606819131968892 12,2401766862533
0,888391155661765 -0,0134504785631968 0,88849297174014 -11,8754466976548 -0,00638880285625898 11,8754484161922
0,617589201114573 0,0152897380867944 0,617778437163438 -10,1618923078646 -0,00688751796774034 10,1618946419721
1,86798064315903 0,0125588511589432 1,86802286066291 -7,0730661350562 -0,00759164793668055 7,07307020918054
2,68362124538565 0,0109059867380084 2,68364340575121 -3,0490172334886 -0,00849622583066314 3,04902907102636
2,8139979642525 0,00960697900734212 2,81401436330074 1,09305009498891 -0,00955944109314952 1,09309189598555
2,22484789792904 0,00837729511377786 2,2248636695296 4,39565174547209 -0,0107130817926465 4,3956648004134
1,1088235777353 0,00702210725074296 1,1088458127855 6,07366889339075 -0,0118853545914127 6,07368052240124
0,185043697620326 -0,00641139724978825 0,185154735407165 5,79352027159897 -0,0130273415719538 5,79353491825644
1,22236811910235 -0,00433948630812044 1,22237582180736 3,80998371293206 -0,0141321202782581 3,81000992251085
1,71948602137247 -0,00255714900407263 1,71948792281491 0,897271509053552 -0,0152382300546778 0,897400894034788
1,56451588383727 -0,000628788500080956 1,56451601019424 -1,91180432333286 -0,0164155438949936 1,91187479736398
1,73168357231964 -0,00434252111470099 1,73168901715387 -0,40542403216303 -0,0157397456102331 0,405729448582679
1,52257182824901 -0,00659655829917245 1,52258611801071 2,71868793473484 -0,0145641225201482 2,71872694475513
0,638668473448133 -0,0088267252248833 0,638729465466221 5,27555357619955 -0,0134091014874859 5,27557061741709
0,675396331364895 0,0101099225260163 0,675471994204527 6,19306079384644 -0,0122115587799483 6,1930728332909
1,96258467800821 0,0120969582871544 1,96262195920468 4,89827538622638 -0,0109577917584275 4,8982876428923
2,75832622892602 0,0137347237006058 2,75836042384173 1,54011943334116 -0,00969102170894885 1,54014992285065
2,7274498831608 0,0152631414956648 2,72749259002517 -3,04901723348859 -0,00849622583066314 3,04902907102635
1,79828453983621 0,0168216375061908 1,79836321517716 -7,63190182371893 -0,00746826359426249 7,63190547778505
0,188285481820939 0,0183265725848294 0,189175278319473 -10,9772233407278 -0,00667652025816023 10,97722537111
1,71894763812276 -0,0205362652172308 1,7190703071128 -12,2558550200733 -0,00614099658562667 12,2558565585966
3,47733152944583 -0,0231241428996924 3,47740841599932 -11,2921081460762 -0,00582976883230634 11,2921096509415
4,81516030778313 -0,0260362200303897 4,81523069794207 -8,59230531825919 -0,00567766506406993 8,59230719411647
5,66526476023138 -0,0288404522540101 5,66533816953637 -5,14502148963799 -0,00561529840279763 5,14502455391739
6,11290192398644 -0,0308180627904006 6,11297960779122 -2,07354858103973 -0,00559242922701456 2,07355612250947
6,28348291570556 -0,0312807685016009 6,28356077701503 -0,29155004855148 -0,00558455043030317 0,29160352880903
6,27286634833614 -0,0298764695728499 6,2729374959043 -0,29155004855148 -0,00558455043030317 0,29160352880903
6,11668413239871 -0,0267750962636595 6,11674273460296 -2,07354858103973 -0,00559242922701456 2,07355612250947
5,75509393016214 -0,02274299818449 5,75513886791235 -5,14502148963798 -0,00561529840279764 5,14502455391738
5,02588806854812 -0,0188357439335596 5,02592336420124 -8,59230531825919 -0,00567766506406993 8,59230719411647
3,77153891057132 -0,0157738764201533 3,77157189632265 -11,2921081460762 -0,00582976883230634 11,2921096509415
2,01763747710939 -0,0136646719690085 2,01768374932653 -12,2558550200733 -0,00614099658562667 12,2558565585966
0,0901253136783921 -0,00490371925540157 0,090258620796932 -10,9772233407278 -0,00667652025816023 10,97722537111
1,66367646713137 0,0116947550403183 1,66371757055763 -7,63190182371893 -0,00746826359426249 7,63190547778505
2,68362124538565 0,0109059867380084 2,68364340575121 -3,04901723348859 -0,00849622583066314 3,04902907102635
2,77740598592424 0,0100634757612025 2,77742421754261 1,54011943334116 -0,00969102170894885 1,54014992285065
2,01110193629598 0,00899314078809715 2,01112204372452 4,89827538622636 -0,0109577917584275 4,89828764289228
0,727005551380199 0,0073675531114543 0,727042882212925 6,19306035006464 -0,0122118515754086 6,19307239008731
0,605600062046075 -0,00697753345908583 0,605640257185223 5,27555357619955 -0,0134091014874859 5,27557061741709
1,50631596432658 -0,0049181098486317 1,50632399310028 2,71868745521929 -0,0145644688567131 2,71872646710179
1,73049932491775 -0,00291104311203445 1,73050177339198 -0,40542403216303 -0,0157397456102331 0,405729448582679
1,72494852278187 -0,00661757109418788 1,72496121651896 1,12308928386194 -0,0151545849013766 1,12319152461593
1,14568556230003 -0,00901585581805455 1,14572103643027 4,21726218793971 -0,0139556169164859 4,21728527859684
0,0967372247615961 0,00421352222278374 0,096828944144287 6,05389815366839 -0,0127301516095673 6,05391153815032
1,49134857169247 0,0126456043335746 1,49140218371777 5,64902903137384 -0,0114320600067975 5,6490405990133
2,57727170827923 0,0144479857695723 2,57731220510619 2,76564221031237 -0,0100814167747287 2,76566058481978
2,82344537513183 0,0159654551980659 2,82349051390527 -1,93598341839953 -0,00876199772138403 1,93600324610317
1,98422926572756 0,0173165041357569 1,98430482544523 -7,0730661350562 -0,00759164793668055 7,07307020918054
0,188285481820939 0,0183265725848294 0,189175278319473 -10,9772233407278 -0,00667652025816023 10,97722537111
2,10974058902199 -0,020087980792219 2,10983622111745 -12,2401751820696 -0,00606819131968892 12,2401766862533
4,25866692782034 -0,021988862604477 4,25872369521543 -10,1897964578529 -0,00574310480282267 10,1897980762979
5,73075567361577 -0,024481089341023 5,73080796349124 -5,14502148963798 -0,00561529840279764 5,14502455391738
6,33293160554577 -0,0275382485627197 6,33299147920274 1,65804187075629 -0,00557777409884661 1,65805125274972
6,24939843146838 -0,0306665273792336 6,24947367312968 8,49991835366655 -0,00555118575517889 8,49992016636984
5,8447962889626 -0,0329742271211071 5,84488930255529 13,8151170648084 -0,00551123380585348 13,8151181641005
5,45124617919082 -0,0336169761172173 5,45134983350232 16,6494037357285 -0,00547800844045015 16,6494046369192
5,28512424800853 -0,0320603155118054 5,28522148833125 16,6494037357285 -0,00547800844045015 16,6494046369192
5,4304159564584 -0,0282246725738941 5,43048930505345 13,8151170648084 -0,00551123380585348 13,8151181641005
5,83871688040721 -0,0229936060403221 5,83876215609703 8,4999180868041 -0,00555132107116855 8,49991989959582
6,17599117647941 -0,0182902758823977 6,17601825986156 1,65804187075629 -0,00557777409884661 1,65805125274972
5,86873579943873 -0,0152663268121594 5,86875565553279 -5,14502148963798 -0,00561529840279764 5,14502455391738
4,56243749841768 -0,0137214985748231 4,56245813202608 -10,1897964578529 -0,00574310480282267 10,1897980762979
2,42483597453102 -0,0130261758584114 2,42487096247147 -12,2401751820696 -0,00606819131968892 12,2401766862533
0,0901253136783937 -0,00490371925540195 0,0902586207969337 -10,9772233407278 -0,00667652025816023 10,97722537111
1,86798064315903 0,0125588511589432 1,86802286066291 -7,0730661350562 -0,00759164793668055 7,07307020918054
2,79873172763637 0,0120365273443915 2,79875761031015 -1,93598341839953 -0,00876199772138403 1,93600324610317
2,60679086422538 0,0111883173613166 2,60681487418157 2,76564221031237 -0,0100814167747287 2,76566058481977
1,53983444176956 0,00986974907039583 1,53986607210058 5,64902903137384 -0,0114320600067975 5,6490405990133
0,145613491188265 0,00253103232968533 0,145635486543249 6,05389769495877 -0,0127304598093474 6,0539110800898
1,12294312862211 -0,00743993477872933 1,12296777458177 4,21726218793973 -0,0139556169164859 4,21728527859685
1,71788045485525 -0,00523749697325707 1,71788843891221 1,12308928386194 -0,0151545849013766 1,12319152461593
1,58376562516028 -0,00881639756593269 1,58379016422801 2,49245692577286 -0,01464926337736 2,49249997547655
0,682577529932331 -0,0114548362003862 0,682673639187057 5,27555357619955 -0,0134091014874859 5,2755706174171
0,744035327176885 0,0128148936598636 0,744145677664479 6,17127395149086 -0,0121041160320758 6,1712858217696
2,12782257506038 0,015146122158591 2,12787648042667 4,39565174547209 -0,0107130817926465 4,3956648004134
2,84616009957046 0,0169267003247365 2,84621043241198 0,145379506781051 -0,00929468016904982 0,145676326392954
2,42550084727907 0,018422567128906 2,42557080934182 -5,35096296079098 -0,007972206563297 5,35096889953908
0,780820033486241 0,0197708401151362 0,78107029825254 -10,1618923078646 -0,00688751796774034 10,1618946419721
1,71894763812276 -0,0205362652172308 1,7190703071128 -12,2558550200733 -0,00614099658562667 12,2558565585966
4,25866692782034 -0,021988862604477 4,25872369521543 -10,1897964578529 -0,00574310480282267 10,1897980762979
5,95508874863991 -0,0237276842126052 5,95513601920021 -3,69013229756986 -0,00560240311079189 3,6901365503852
6,20743462726701 -0,0261433535983944 6,20748967995364 6,05797078903684 -0,00556259945812784 6,05797334290407
5,05973554604741 -0,0293564656647281 5,05982070808956 16,6494037357285 -0,00547800844045015 16,6494046369192
3,15051841480604 -0,0328999003253869 3,15069019192198 25,430218190215 -0,00528967885774829 25,4302187403617
1,35085984947619 -0,0337745831164918 1,35128200439121 30,8711121530546 -0,005052240877852 30,8711125664692
1,55490289395876 -0,00257182431100216 1,55490502086835 33,1601155993833 -0,00488583847419801 33,160115959325
2,53496306639544 0,000494912314032475 2,53496311470743 33,1601155993833 -0,00488583847419801 33,160115959325
2,44832061857895 -0,00800257300490485 2,44833369713638 30,8711123709253 -0,00505213383510578 30,8711127843224
2,1029349066673 -0,0213829403223988 2,10304361624209 25,430218190215 -0,0052896788577483 25,4302187403617
3,87774161417705 -0,0172080620002713 3,87777979567152 16,6494037357285 -0,00547800844045015 16,6494046369192
5,74699900836398 -0,0142279602380245 5,74701662055967 6,05797078903684 -0,00556259945812784 6,05797334290407
6,04023705591247 -0,0136134644435097 6,04025239688147 -3,69013229756986 -0,0056024031107919 3,69013655038521
4,56243749841768 -0,0137214985748231 4,56245813202608 -10,1897964578529 -0,00574310480282267 10,1897980762979
2,0176374771094 -0,0136646719690085 2,01768374932654 -12,2558550200733 -0,00614099658562667 12,2558565585966
0,61758920111457 0,0152897380867945 0,617778437163434 -10,1618923078646 -0,00688751796774034 10,1618946419721
2,3528751347836 0,0144784309668431 2,35291968091693 -5,35096296079098 -0,007972206563297 5,35096889953908
2,84830877731449 0,0136674554691564 2,84834156839831 0,145379506781041 -0,00929468016904982 0,145676326392944
2,16558940754717 0,0124179853382423 2,16562501103962 4,39565174547209 -0,0107130817926465 4,3956648004134
0,78878500696192 0,0102584296444102 0,788851711405056 6,17127395149086 -0,0121041160320758 6,1712858217696
0,658270472839314 -0,0101792545526662 0,658349172275125 5,27555357619955 -0,0134091014874859 5,27557061741709
1,57219911917785 -0,0075534923798832 1,57221726411802 2,49245692577286 -0,01464926337736 2,49249997547655
1,36488382723218 -0,0108451908404694 1,36492691379588 3,59890770929387 -0,0142194959753865 3,59893580021659
0,217177104302578 -0,013750360641896 0,217611964402317 5,8935928908647 -0,012929371856696 5,89360707308416
1,31943754434009 0,0153679574778094 1,31952703933312 5,78493635976961 -0,0115473654543481 5,78494788466011
2,54852104648603 0,0175917318279025 2,54858176117835 2,76564221031237 -0,0100814167747287 2,76566058481978
2,81404869800631 0,0194443667456325 2,81411587503947 -2,48774687026331 -0,00862894007256479 2,48776183528723
1,72455240008815 0,0210525247702399 1,7246808949626 -8,17792361352439 -0,00734698138852008 8,17792691375848
0,627762124474857 -0,0206851975691768 0,628102827826513 -11,8754466976548 -0,00638880285625898 11,8754484161922
3,47733152944583 -0,0231241428996924 3,47740841599932 -11,2921081460762 -0,00582976883230634 11,2921096509415
5,73075567361577 -0,024481089341023 5,73080796349124 -5,14502148963798 -0,00561529840279764 5,14502455391738
6,20743462726701 -0,0261433535983944 6,20748967995364 6,05797078903684 -0,00556259945812784 6,05797334290407
4,32259241159213 -0,0285057245202687 4,32268640235262 19,5616184786782 -0,00543225048641092 19,5616192329447
0,588874625552548 -0,031633120774261 0,589723646252694 30,8711123709253 -0,00505213383510578 30,8711127843224
3,67281548235782 0,0359578517532764 3,67299149666182 36,036154612002 -0,00442999539747215 36,036154884296
7,41588986716386 0,0379737349664897 7,4159870904992 34,9428084251247 -0,00376709031800011 34,9428086281846
10,2394243403716 0,0342805758088665 10,2394817241925 32,0164738589519 -0,00334111149439238 32,0164740332844
11,7473224104199 0,0249816151709116 11,7473489730854 32,0164736805085 -0,00334119709295451 32,0164738548499
11,4217748658132 0,0158441761629375 11,4217858552522 34,9428084251247 -0,00376709031800011 34,9428086281846
8,33934366962038 0,0115740564842527 8,33935170135071 36,0361544140842 -0,00443009148339335 36,0361546863901
2,88232709583011 0,0107789103275376 2,88234725046519 30,8711123709253 -0,00505213383510578 30,8711127843224
2,62730709486209 -0,0131193892510884 2,62733985032143 19,5616184786782 -0,00543225048641092 19,5616192329447
5,74699900836398 -0,0142279602380245 5,74701662055967 6,05797078903681 -0,00556259945812784 6,05797334290405
5,86873579943873 -0,0152663268121594 5,86875565553279 -5,14502148963798 -0,00561529840279764 5,14502455391738
3,77153891057133 -0,0157738764201533 3,77157189632266 -11,2921081460762 -0,00582976883230634 11,2921096509414
0,888391155661765 -0,0134504785631968 0,88849297174014 -11,8754466976548 -0,00638880285625898 11,8754484161922
1,61917186476702 0,0175538562444092 1,61926701489352 -8,17792361352439 -0,00734698138852008 8,17792691375848
2,7889752496629 0,0164088913052758 2,78902351997005 -2,48774687026332 -0,00862894007256478 2,48776183528724
2,57118128748806 0,0150566183157269 2,57122537224644 2,76564221031237 -0,0100814167747287 2,76566058481978
1,35753902595701 0,0131224697951654 1,3576024477769 5,78493635976961 -0,0115473654543481 5,78494788466011
0,207078918433733 -0,0130083606462636 0,207487098168507 5,89359289086472 -0,012929371856696 5,89360707308417
1,35116649640375 -0,00976733658974085 1,35120179909148 3,59890723332483 -0,014219834831372 3,59893532559011
1,12354099935867 -0,0125915895523589 1,12361155448283 4,41224899567756 -0,0138664059855264 4,41227078464962
0,223491860028114 0,013854359534561 0,223920867220853 6,1568563825171 -0,012526346544376 6,15686912515601
1,76218055542087 0,0175422285785256 1,76226786831256 5,11753557409818 -0,0110782873773652 5,1175475650561
2,77556351210701 0,0198315976540528 2,77563436028691 1,09305009498891 -0,00955944109314951 1,09309189598555
2,58613516988993 0,0218135945948542 2,58622716516759 -4,77117485293828 -0,00810205391032337 4,77118173208569
0,917795505091948 0,0235974607820411 0,918098812395672 -10,1618923078646 -0,00688751796774034 10,1618946419721
1,90620264673718 -0,024463933883023 1,90635962359909 -12,2401751820696 -0,00606819131968892 12,2401766862533
4,81516030778313 -0,0260362200303897 4,81523069794207 -8,59230531825919 -0,00567766506406993 8,59230719411647
6,33293160554577 -0,0275382485627197 6,33299147920274 1,65804187075629 -0,00557777409884661 1,65805125274972
5,05973554604741 -0,0293564656647281 5,05982070808956 16,6494037357285 -0,00547800844045015 16,6494046369192
0,588874625552548 -0,031633120774261 0,589723646252694 30,8711123709253 -0,00505213383510578 30,8711127843224
5,80946718207133 0,0357576910879775 5,80957722661777 36,1445584315048 -0,00412778907953474 36,1445586672062
12,0102509024561 0,0411354224931551 12,0103213471968 26,8605691873964 -0,00284359995401358 26,8605693379156
17,1119836592946 0,0458974547720609 17,1120452118477 7,37356555912976 -0,00161548688108086 7,37356573609963
NA NA NA NA NA NA
NA NA NA NA NA NA
17,3490000641442 0,0132553456591529 17,3490051279566 7,37356555912976 -0,00161548688108086 7,37356573609963
17,1303197655347 0,00749742910657429 17,1303214062349 26,8605693540829 -0,00284352031531751 26,8605695045936
11,3558753057779 -0,000844714956301682 11,3558753371952 36,1588117051037 -0,000677941470947557 36,158811711459
2,88232709583011 0,0107789103275376 2,88234725046519 30,8711123709253 -0,00505213383510578 30,8711127843224
3,87774161417706 -0,0172080620002713 3,87777979567153 16,6494037357285 -0,00547800844045015 16,6494046369192
6,17599117647941 -0,0182902758823977 6,17601825986156 1,65804187075629 -0,00557777409884661 1,65805125274972
5,02588806854812 -0,0188357439335596 5,02592336420124 -8,59230531825917 -0,00567766506406993 8,59230719411645
2,15397265487267 -0,018121234811713 2,15404887992132 -12,2401751820696 -0,00606819131968892 12,2401766862533
0,824621477419485 0,021093362491704 0,824891211592596 -10,1618923078646 -0,00688751796774034 10,1618946419721
2,5434230965002 0,0192551180924971 2,54349598139714 -4,77117446050001 -0,00810182466581764 4,7711813392587
2,78364729826202 0,0176565478086543 2,78370329503737 1,09305009498891 -0,00955944109314951 1,09309189598555
1,79115038568383 0,0156511122424591 1,79121876426352 5,11753557409818 -0,0110782873773652 5,1175475650561
0,262195233205368 0,0106337906078175 0,262410780682327 6,15685638251711 -0,012526346544376 6,15686912515601
1,11031983177824 -0,0117550198125572 1,11038205556955 4,41224899567756 -0,0138664059855264 4,41227078464962
0,905016673371693 -0,0139469580676486 0,905124133321008 4,95511226377469 -0,0135944375453485 4,95513091202871
0,551226909221713 0,016511620185695 0,551474150845966 6,19306079384645 -0,0122115587799483 6,1930728332909
2,06964555904721 0,0192774472440466 2,06973533575094 4,39565174547209 -0,0107130817926465 4,39566480041339
2,86452803357562 0,0216650373252134 2,86460996105629 -0,353397071937118 -0,00916171883379814 0,353515809470691
2,28439391248402 0,023776633421319 2,2845176461763 -6,50464559140056 -0,0077169106178921 6,50465016895115
0,185037949397419 0,0236296100878664 0,186540615390071 -11,3249699263956 -0,00657654346955886 11,3249718359335
2,92936789957831 -0,027141119971898 2,92949363055685 -11,675579635978 -0,00588127024955473 11,6755811172465
5,66526476023138 -0,0288404522540101 5,66533816953637 -5,14502148963799 -0,00561529840279763 5,14502455391739
6,24939843146838 -0,0306665273792336 6,24947367312968 8,49991835366655 -0,00555118575517889 8,49992016636984
3,15051841480604 -0,0328999003253869 3,15069019192198 25,430218190215 -0,00528967885774829 25,4302187403617
3,67281548235782 0,0359578517532764 3,67299149666182 36,036154612002 -0,00442999539747215 36,036154884296
12,0102516302901 0,0411350080772686 12,0103220736072 26,8605693540829 -0,00284352031531751 26,8605695045937
NA NA NA NA NA NA
NA NA NA NA NA NA
NA NA NA NA NA NA
NA NA NA NA NA NA
NA NA NA NA NA NA
NA NA NA NA NA NA
17,1303197655347 0,00749742910657429 17,1303214062349 26,8605693540829 -0,00284352031531751 26,8605695045937
8,33934366671925 0,0115740595633916 8,33935169845386 36,0361544103257 -0,00443009330810516 36,0361546826317
2,1029349066673 -0,0213829403223989 2,1030436162421 25,430218190215 -0,0052896788577483 25,4302187403617
5,83871644211441 -0,0229933623539987 5,83876171684798 8,49991835366655 -0,00555118575517889 8,49992016636984
5,75509393016213 -0,0227429981844899 5,75513886791235 -5,14502148963798 -0,00561529840279763 5,14502455391738
3,12582005413341 -0,0219452670625436 3,12589708812831 -11,675579635978 -0,00588127024955473 11,6755811172465
0,303242293134872 0,010562015448469 0,303426176385673 -11,3249699263956 -0,00657654346955886 11,3249718359335
2,23944004082224 0,0218997541495136 2,23954711843036 -6,50464559140057 -0,0077169106178921 6,50465016895116
2,86288432872826 0,0200036009185721 2,86295421264951 -0,353397071937118 -0,00916171883379814 0,353515809470691
2,08890626518321 0,017837620821323 2,08898242343928 4,39565174547209 -0,0107130817926465 4,39566480041339
0,576313835326669 0,0147934647783617 0,576503671618043 6,19306079384645 -0,0122115587799483 6,1930728332909
0,894528486970117 -0,0133780105750011 0,894628517971561 4,95511226377469 -0,0135944375453485 4,95513091202871
0,741780501698486 -0,014836598461502 0,741928862731438 5,27555357619955 -0,0134091014874859 5,2755706174171
0,778487619157183 0,0177098659306169 0,778689034552497 6,13164727575929 -0,0119953859254384 6,1316590090782
2,25802984594753 0,0204301941641529 2,25812226817403 3,80728311170255 -0,0104636407456152 3,80729749040354
2,87868243992099 0,0228931528851106 2,87877346909383 -1,39536526749074 -0,00889524330794248 1,39539362012051
2,01538209683266 0,0250913840706347 2,01553828388056 -7,63190182371893 -0,00746826359426249 7,63190547778505
0,398425755893173 -0,0270459427718068 0,399342667366589 -11,8754466976548 -0,00638880285625898 11,8754484161922
3,62484638012401 -0,0289207623163663 3,62496175014179 -10,7992463660827 -0,00578372653181768 10,7992479148709
6,11290254920412 -0,0308183554218571 6,11298023447623 -2,07354887115081 -0,00559257923246071 2,07355641302407
5,8447962889626 -0,0329742271211071 5,84488930255529 13,8151170648084 -0,00551123380585348 13,8151181641005
1,35085986129138 -0,0337745894995255 1,35128201636225 30,8711121489172 -0,00505224291063848 30,8711125623321
7,41588919147067 0,0379741183059946 7,41598641677778 34,9428082420272 -0,00376717850153276 34,9428084450967
17,1119836592946 0,0458974547720609 17,1120452118477 7,37356555912976 -0,00161548688108086 7,37356573609963
NA NA NA NA NA NA
NA NA NA NA NA NA
NA NA NA NA NA NA
NA NA NA NA NA NA
NA NA NA NA NA NA
NA NA NA NA NA NA
17,3490000641442 0,0132553456591529 17,3490051279566 7,37356555912976 -0,00161548688108086 7,37356573609963
11,4217748658132 0,0158441761629375 11,4217858552522 34,9428084251247 -0,00376709031800011 34,9428086281846
2,44832061857894 -0,00800257300490503 2,44833369713637 30,8711123709253 -0,00505213383510578 30,8711127843224
5,4304159564584 -0,0282246725738941 5,43048930505345 13,8151170648084 -0,00551123380585348 13,8151181641005
6,11668467135123 -0,0267753579423637 6,11674327469578 -2,07354887115078 -0,00559257923246071 2,07355641302405
3,74539482303348 -0,025478259279326 3,745481480678 -10,7992463660827 -0,00578372653181768 10,7992479148709
0,552875056531832 -0,0187923166513184 0,55319434134868 -11,8754466976548 -0,00638880285625898 11,8754484161922
1,98274284352753 0,0239801453913414 1,98288785132509 -7,63190182371893 -0,00746826359426249 7,63190547778505
2,87399279916391 0,021856561421758 2,87407590695222 -1,39536526749074 -0,00889524330794248 1,39539362012051
2,26861204221167 0,0195285800529074 2,26869609324534 3,80728311170255 -0,0104636407456152 3,80729749040354
0,793426200388524 0,0167352420083164 0,793602673753086 6,13164682631151 -0,011995680304917 6,13165856020718
0,735316242872273 -0,0145216049042982 0,735459620945156 5,27555357619955 -0,0134091014874859 5,2755706174171
0,654209591413917 -0,0152346610010459 0,654386953104798 5,42138990720268 -0,0133154253329368 5,42140625912419
0,89537906830401 0,0181441120141701 0,895562887103826 6,07366889339075 -0,0118853545914127 6,07368052240124
2,34732816327514 0,0208817834028034 2,34742104339693 3,48109256402796 -0,0103372536130253 3,48110791245302
2,8699005645474 0,0233670511159153 2,86999569154159 -1,93598341839953 -0,00876199772138403 1,93600324610317
1,8550089038459 0,0256040730202328 1,85518559769711 -8,17792361352438 -0,00734698138852008 8,17792691375847
0,71514340330102 -0,0270716508295351 0,715655616594742 -12,0673814390363 -0,006301486326936 12,0673830843281
3,98691188454158 -0,029326027379467 3,9870197379723 -10,1897964578529 -0,00574310480282267 10,1897980762979
6,28348291570556 -0,0312807685016009 6,28356077701503 -0,29155004855148 -0,00558455043030317 0,29160352880903
5,45124617919082 -0,0336169761172173 5,45134983350232 16,6494037357285 -0,00547800844045015 16,6494046369192
1,5549029510787 -0,00257184913771123 1,55490507802928 33,1601153878997 -0,00488594196700224 33,1601157478567
10,2394243403716 0,0342805758088665 10,2394817241925 32,0164738589519 -0,00334111149439238 32,0164740332844
NA NA NA NA NA NA
NA NA NA NA NA NA
NA NA NA NA NA NA
NA NA NA NA NA NA
NA NA NA NA NA NA
NA NA NA NA NA NA
NA NA NA NA NA NA
NA NA NA NA NA NA
11,7473228285755 0,0249813321773654 11,7473493906382 32,0164738589519 -0,00334111149439238 32,0164740332844
2,5349630833727 0,000494935880634789 2,53496313168929 33,1601153838835 -0,00488594393237384 33,1601157438408
5,28512424800853 -0,0320603155118054 5,28522148833125 16,6494037357285 -0,00547800844045015 16,6494046369192
6,27286634833615 -0,0298764695728499 6,27293749590431 -0,291550048551455 -0,00558455043030317 0,291603528809006
4,02665929590677 -0,0281201455325683 4,02675748312425 -10,1897964578529 -0,00574310480282267 10,1897980762979
0,764091598215224 -0,0248783778899068 0,764496503686922 -12,0673814390363 -0,006301486326936 12,0673830843281
1,84330775377652 0,0252413834050442 1,84348056745083 -8,17792361352438 -0,00734698138852008 8,17792691375848
2,86764451072611 0,0230155626604149 2,86773687008104 -1,93598341839953 -0,00876199772138403 1,93600324610317
2,35064637557287 0,0205748377846895 2,35073641800686 3,48109256402796 -0,0103372536130253 3,48110791245302
0,900357953633877 0,0178228525809052 0,900534340681078 6,07366889339075 -0,0118853545914127 6,07368052240124
0,652074231268127 -0,0151363428095843 0,652249884597589 5,42139037299041 -0,0133151054926971 5,42140672412496
0,652074231268127 -0,0151363428095843 0,652249884597589 5,42139037299041 -0,0133151054926971 5,42140672412496
0,900357953633874 0,0178228525809052 0,900534340681074 6,07366889339075 -0,0118853545914127 6,07368052240124
2,35064637557287 0,0205748377846895 2,35073641800686 3,48109256402796 -0,0103372536130253 3,48110791245302
2,86764451072611 0,0230155626604149 2,86773687008104 -1,93598341839953 -0,00876199772138403 1,93600324610317
1,84330775377652 0,0252413834050441 1,84348056745083 -8,17792361352438 -0,00734698138852008 8,17792691375847
0,764092141195034 -0,0248785814569863 0,764497053003688 -12,0673817815711 -0,00630167469089658 12,0673834269612
4,02665929590677 -0,0281201455325683 4,02675748312425 -10,1897964578529 -0,00574310480282267 10,1897980762979
6,27286634833614 -0,0298764695728499 6,2729374959043 -0,29155004855148 -0,00558455043030317 0,29160352880903
5,28512424800853 -0,0320603155118054 5,28522148833125 16,6494037357285 -0,00547800844045015 16,6494046369192
2,53496306639544 0,000494912314032475 2,53496311470743 33,1601155993833 -0,00488583847419801 33,160115959325
11,7473228285755 0,0249813321773654 11,7473493906382 32,0164738589519 -0,00334111149439238 32,0164740332844
NA NA NA NA NA NA
NA NA NA NA NA NA
NA NA NA NA NA NA
NA NA NA NA NA NA
NA NA NA NA NA NA
NA NA NA NA NA NA
NA NA NA NA NA NA
NA NA NA NA NA NA
10,2394243403716 0,0342805758088665 10,2394817241925 32,0164738589519 -0,00334111149439238 32,0164740332844
1,55490289395875 -0,00257182431100236 1,55490502086835 33,1601155993833 -0,00488583847419801 33,160115959325
5,45124681647661 -0,0336173042226329 5,45135047279934 16,6494034890785 -0,00547813204196843 16,6494043903099
6,28348291570557 -0,0312807685016009 6,28356077701504 -0,291550048551455 -0,00558455043030317 0,291603528809006
3,98691188454158 -0,029326027379467 3,9870197379723 -10,1897964578529 -0,00574310480282267 10,1897980762979
0,71514340330102 -0,0270716508295351 0,715655616594742 -12,0673814390363 -0,006301486326936 12,0673830843281
1,85500831015714 0,0256042518476498 1,85518500653296 -8,17792398406139 -0,00734719301778072 8,17792728448546
2,8699005645474 0,0233670511159153 2,86999569154159 -1,93598341839953 -0,00876199772138403 1,93600324610317
2,34732816327514 0,0208817834028034 2,34742104339693 3,48109256402796 -0,0103372536130253 3,48110791245302
0,895379068304012 0,0181441120141701 0,895562887103828 6,07366889339075 -0,0118853545914127 6,07368052240124
0,654209036086584 -0,0152346769654403 0,654386398299643 5,42139037299041 -0,0133151054926971 5,42140672412496
0,735316242872273 -0,0145216049042982 0,735459620945156 5,27555357619955 -0,0134091014874859 5,2755706174171
0,793426740292912 0,0167352160983429 0,793603212991035 6,13164727575929 -0,0119953859254384 6,1316590090782
2,26861204221167 0,0195285800529074 2,26869609324534 3,80728311170255 -0,0104636407456152 3,80729749040354
2,87399279916391 0,021856561421758 2,87407590695222 -1,39536526749074 -0,00889524330794248 1,39539362012051
1,98274284352754 0,0239801453913414 1,98288785132509 -7,63190182371893 -0,00746826359426249 7,63190547778505
0,552875056531832 -0,0187923166513184 0,55319434134868 -11,8754466976548 -0,00638880285625898 11,8754484161922
3,74539482303348 -0,025478259279326 3,745481480678 -10,7992463660827 -0,00578372653181768 10,7992479148709
6,11668413239871 -0,0267750962636595 6,11674273460296 -2,07354858103973 -0,00559242922701456 2,07355612250947
5,4304159564584 -0,0282246725738941 5,43048930505345 13,8151170648084 -0,00551123380585348 13,8151181641005
2,44832061857895 -0,00800257300490485 2,44833369713638 30,8711123709253 -0,00505213383510578 30,8711127843224
11,4217748658132 0,0158441761629375 11,4217858552522 34,9428084251247 -0,00376709031800011 34,9428086281846
17,3490000641442 0,0132553456591529 17,3490051279566 7,37356555912976 -0,00161548688108086 7,37356573609963
NA NA NA NA NA NA
NA NA NA NA NA NA
NA NA NA NA NA NA
NA NA NA NA NA NA
NA NA NA NA NA NA
NA NA NA NA NA NA
17,1119836592946 0,0458974547720609 17,1120452118477 7,37356555912976 -0,00161548688108086 7,37356573609963
7,41588986716386 0,0379737349664897 7,4159870904992 34,9428084251247 -0,00376709031800011 34,9428086281846
1,35085922841716 -0,0337742469347957 1,35128137512356 30,8711123709253 -0,00505213383510578 30,8711127843224
5,8447962889626 -0,0329742271211071 5,84488930255529 13,8151170648084 -0,00551123380585348 13,8151181641005
6,11290192398645 -0,0308180627904006 6,11297960779122 -2,0735485810397 -0,00559242922701456 2,07355612250945
3,62484638012401 -0,0289207623163663 3,62496175014179 -10,7992463660827 -0,00578372653181768 10,7992479148709
0,398426361439418 -0,027046160405565 0,399343286262004 -11,8754470497869 -0,00638899723670939 11,8754487684288
2,01538149971177 0,0250915599444276 2,0155376889954 -7,63190220387749 -0,00746848153771064 7,6319058581567
2,87868243992099 0,0228931528851106 2,87877346909383 -1,39536526749074 -0,00889524330794248 1,39539362012051
2,25802984594753 0,0204301941641529 2,25812226817403 3,80728311170255 -0,0104636407456152 3,80729749040354
0,778487619157185 0,017709865930617 0,778689034552499 6,13164727575928 -0,0119953859254384 6,13165900907819
0,741781051242347 -0,0148365776835187 0,741929411749905 5,2755531093052 -0,0134094232503983 5,27557015134209
0,894528486970117 -0,0133780105750011 0,894628517971561 4,95511226377469 -0,0135944375453485 4,95513091202871
0,576313835326666 0,0147934647783617 0,57650367161804 6,19306079384645 -0,0122115587799483 6,1930728332909
2,08890626518321 0,017837620821323 2,08898242343928 4,39565174547209 -0,0107130817926465 4,39566480041339
2,86288432872826 0,0200036009185721 2,86295421264951 -0,353397071937118 -0,00916171883379814 0,353515809470691
2,23944004082224 0,0218997541495136 2,23954711843036 -6,50464559140056 -0,0077169106178921 6,50465016895115
0,303242293134872 0,0105620154484689 0,303426176385673 -11,3249699263956 -0,00657654346955886 11,3249718359335
3,12582005413341 -0,0219452670625436 3,12589708812831 -11,675579635978 -0,00588127024955473 11,6755811172465
5,75509393016214 -0,02274299818449 5,75513886791235 -5,14502148963798 -0,00561529840279764 5,14502455391738
5,83871644211442 -0,0229933623539987 5,83876171684798 8,49991835366657 -0,00555118575517889 8,49992016636987
2,1029349066673 -0,0213829403223988 2,10304361624209 25,430218190215 -0,0052896788577483 25,4302187403617
8,33934381912039 0,0115738914292565 8,33935185062151 36,036154612002 -0,00442999539747215 36,036154884296
17,1303197655347 0,00749742910657429 17,1303214062349 26,8605693540829 -0,00284352031531751 26,8605695045936
NA NA NA NA NA NA
NA NA NA NA NA NA
NA NA NA NA NA NA
NA NA NA NA NA NA
NA NA NA NA NA NA
NA NA NA NA NA NA
12,0102516302902 0,0411350080772686 12,0103220736072 26,8605693540829 -0,00284352031531751 26,8605695045936
3,67281548235782 0,0359578517532764 3,67299149666182 36,036154612002 -0,00442999539747215 36,036154884296
3,15051841480604 -0,0328999003253869 3,15069019192199 25,430218190215 -0,00528967885774829 25,4302187403617
6,24939843146838 -0,0306665273792336 6,24947367312968 8,49991835366657 -0,00555118575517889 8,49992016636987
5,66526476023139 -0,0288404522540101 5,66533816953638 -5,14502148963796 -0,00561529840279764 5,14502455391736
2,92936789957831 -0,027141119971898 2,92949363055685 -11,675579635978 -0,00588127024955473 11,6755811172465
0,18503794939742 0,0236296100878664 0,186540615390072 -11,3249699263956 -0,00657654346955886 11,3249718359335
2,28439391248402 0,023776633421319 2,2845176461763 -6,50464559140057 -0,0077169106178921 6,50465016895116
2,86452803357562 0,0216650373252134 2,86460996105629 -0,353397071937118 -0,00916171883379814 0,353515809470691
2,06964555904721 0,0192774472440466 2,06973533575094 4,39565174547209 -0,0107130817926465 4,39566480041339
0,551226366735436 0,0165116398442382 0,551473609191496 6,19306034163706 -0,012211857135715 6,1930723816707
0,905017208884634 -0,0139469272761513 0,905124668295909 4,95511179472757 -0,0135947631391934 4,95513044387664
1,11031983177824 -0,0117550198125572 1,11038205556955 4,41224899567756 -0,0138664059855264 4,41227078464962
0,262195233205365 0,0106337906078175 0,262410780682324 6,1568563825171 -0,012526346544376 6,15686912515601
1,79115038568383 0,0156511122424591 1,79121876426352 5,11753557409818 -0,0110782873773652 5,1175475650561
2,78364729826202 0,0176565478086543 2,78370329503737 1,09305009498891 -0,00955944109314951 1,09309189598555
2,5434230965002 0,0192551180924971 2,54349598139714 -4,7711744605 -0,00810182466581764 4,77118133925869
0,824621477419485 0,021093362491704 0,824891211592596 -10,1618923078646 -0,00688751796774034 10,1618946419721
2,15397265487267 -0,018121234811713 2,15404887992132 -12,2401751820696 -0,00606819131968892 12,2401766862533
5,02588806854812 -0,0188357439335596 5,02592336420124 -8,59230531825919 -0,00567766506406993 8,59230719411647
6,17599117647941 -0,0182902758823977 6,17601825986156 1,65804187075629 -0,00557777409884661 1,65805125274972
3,87774161417705 -0,0172080620002713 3,87777979567152 16,6494037357285 -0,00547800844045015 16,6494046369192
2,88232709583011 0,0107789103275376 2,88234725046519 30,8711123709253 -0,00505213383510578 30,8711127843224
11,353243613979 0,00983549594669018 11,3532478743017 36,1445584315048 -0,00412778907953474 36,1445586672062
17,1303197655347 0,00749742910657429 17,1303214062349 26,8605693540829 -0,00284352031531751 26,8605695045937
17,3490000641442 0,0132553456591529 17,3490051279566 7,37356555912976 -0,00161548688108086 7,37356573609963
NA NA NA NA NA NA
NA NA NA NA NA NA
17,111982846106 0,045897912189667 17,1120443998889 7,37356541097479 -0,00161555709880529 7,37356558796004
12,0102516302902 0,0411350080772686 12,0103220736072 26,8605693540829 -0,00284352031531751 26,8605695045936
5,80946718207133 0,0357576910879775 5,80957722661777 36,1445584315048 -0,00412778907953474 36,1445586672062
0,588874625552548 -0,031633120774261 0,589723646252694 30,8711123709253 -0,00505213383510578 30,8711127843224
5,05973554604741 -0,0293564656647281 5,05982070808957 16,6494037357285 -0,00547800844045015 16,6494046369192
6,33293160554577 -0,0275382485627197 6,33299147920274 1,65804187075629 -0,00557777409884661 1,65805125274972
4,81516030778314 -0,0260362200303897 4,81523069794207 -8,59230531825917 -0,00567766506406993 8,59230719411645
1,90620264673718 -0,024463933883023 1,90635962359909 -12,2401751820696 -0,00606819131968892 12,2401766862533
0,917795505091948 0,0235974607820411 0,918098812395672 -10,1618923078646 -0,00688751796774034 10,1618946419721
2,58613571133352 0,0218134550077785 2,58622770541457 -4,77117446050001 -0,00810182466581764 4,7711813392587
2,77556351210701 0,0198315976540528 2,77563436028691 1,09305009498891 -0,00955944109314951 1,09309189598555
1,76218055542087 0,0175422285785256 1,76226786831256 5,11753557409818 -0,0110782873773652 5,1175475650561
0,223491860028116 0,013854359534561 0,223920867220855 6,15685638251711 -0,012526346544376 6,15686912515601
1,12354099935867 -0,0125915895523589 1,12361155448283 4,41224899567756 -0,0138664059855264 4,41227078464962
1,35116603755276 -0,00976740719154679 1,35120134076283 3,59890770929387 -0,0142194959753865 3,59893580021659
0,207078918433736 -0,0130083606462636 0,20748709816851 5,8935928908647 -0,012929371856696 5,89360707308416
1,35753902595701 0,0131224697951654 1,3576024477769 5,78493635976961 -0,0115473654543481 5,78494788466011
2,57118128748806 0,0150566183157269 2,57122537224644 2,76564221031237 -0,0100814167747287 2,76566058481978
2,7889752496629 0,0164088913052759 2,78902351997005 -2,48774687026331 -0,00862894007256479 2,48776183528723
1,61917186476702 0,0175538562444092 1,61926701489352 -8,17792361352439 -0,00734698138852008 8,17792691375848
0,888391155661765 -0,0134504785631968 0,88849297174014 -11,8754466976548 -0,00638880285625898 11,8754484161922
3,77153891057132 -0,0157738764201533 3,77157189632265 -11,2921081460762 -0,00582976883230634 11,2921096509415
5,86873579943873 -0,0152663268121594 5,86875565553279 -5,14502148963798 -0,00561529840279764 5,14502455391738
5,74699900836398 -0,0142279602380245 5,74701662055967 6,05797078903684 -0,00556259945812784 6,05797334290407
2,62730709486209 -0,0131193892510884 2,62733985032143 19,5616184786782 -0,00543225048641092 19,5616192329447
2,88232709583011 0,0107789103275376 2,88234725046519 30,8711123709253 -0,00505213383510578 30,8711127843224
8,33934381912039 0,0115738914292565 8,3393518506215 36,036154612002 -0,00442999539747215 36,036154884296
11,4217748658132 0,0158441761629375 11,4217858552522 34,9428084251247 -0,00376709031800011 34,9428086281846
11,7473228285755 0,0249813321773654 11,7473493906382 32,0164738589519 -0,00334111149439238 32,0164740332844
10,2394243403716 0,0342805758088665 10,2394817241925 32,0164738589519 -0,00334111149439238 32,0164740332844
7,41588986716386 0,0379737349664897 7,4159870904992 34,9428084251247 -0,00376709031800011 34,9428086281846
3,67281548235782 0,0359578517532764 3,67299149666182 36,036154612002 -0,00442999539747215 36,036154884296
0,588875197209517 -0,0316334441644159 0,589724234433562 30,8711121530546 -0,005052240877852 30,8711125664692
4,32259241159213 -0,0285057245202687 4,32268640235262 19,5616184786782 -0,00543225048641092 19,5616192329447
6,20743462726701 -0,0261433535983944 6,20748967995364 6,05797078903681 -0,00556259945812784 6,05797334290405
5,73075617138347 -0,0244813280821216 5,73080846227427 -5,14502178827501 -0,00561545402149181 5,14502485272408
3,47733152944584 -0,0231241428996924 3,47740841599933 -11,2921081460762 -0,00582976883230634 11,2921096509414
0,627762124474857 -0,0206851975691768 0,628102827826513 -11,8754466976548 -0,00638880285625898 11,8754484161922
1,72455240008815 0,0210525247702399 1,7246808949626 -8,17792361352439 -0,00734698138852008 8,17792691375848
2,81404869800631 0,0194443667456325 2,81411587503947 -2,48774687026332 -0,00862894007256478 2,48776183528724
2,54852104648603 0,0175917318279025 2,54858176117835 2,76564221031237 -0,0100814167747287 2,76566058481978
1,31943754434009 0,0153679574778094 1,31952703933312 5,78493635976961 -0,0115473654543481 5,78494788466011
0,217177104302575 -0,013750360641896 0,217611964402313 5,89359289086472 -0,012929371856696 5,89360707308417
1,36488382723218 -0,0108451908404694 1,36492691379588 3,59890770929387 -0,0142194959753865 3,59893580021659
1,57219911917785 -0,0075534923798832 1,57221726411802 2,49245692577286 -0,01464926337736 2,49249997547655
0,658270906352842 -0,0101792096726338 0,658349605042907 5,27555310930519 -0,0134094232503983 5,27557015134209
0,78878500696192 0,0102584296444102 0,788851711405056 6,17127395149085 -0,0121041160320758 6,1712858217696
2,16558940754717 0,0124179853382423 2,16562501103962 4,39565174547209 -0,0107130817926465 4,3956648004134
2,84830877731449 0,0136674554691564 2,84834156839831 0,145379506781066 -0,00929468016904983 0,145676326392969
2,3528751347836 0,0144784309668431 2,35291968091693 -5,35096296079097 -0,007972206563297 5,35096889953907
0,617589201114573 0,0152897380867944 0,617778437163438 -10,1618923078646 -0,00688751796774034 10,1618946419721
2,01763747710939 -0,0136646719690085 2,01768374932653 -12,2558550200733 -0,00614099658562667 12,2558565585966
4,56243749841768 -0,0137214985748231 4,56245813202608 -10,1897964578529 -0,00574310480282267 10,1897980762979
6,04023705591247 -0,0136134644435097 6,04025239688147 -3,69013229756986 -0,0056024031107919 3,69013655038521
5,74699900836398 -0,0142279602380245 5,74701662055967 6,05797078903681 -0,00556259945812784 6,05797334290405
3,87774161417706 -0,0172080620002713 3,87777979567153 16,6494037357285 -0,00547800844045015 16,6494046369192
2,1029349066673 -0,0213829403223989 2,1030436162421 25,430218190215 -0,0052896788577483 25,4302187403617
2,44832061857894 -0,00800257300490503 2,44833369713637 30,8711123709253 -0,00505213383510578 30,8711127843224
2,53496306639544 0,000494912314032398 2,53496311470742 33,1601155993833 -0,00488583847419801 33,160115959325
1,55490289395875 -0,00257182431100236 1,55490502086835 33,1601155993833 -0,00488583847419801 33,160115959325
1,35085922841716 -0,0337742469347957 1,35128137512356 30,8711123709253 -0,00505213383510578 30,8711127843224
3,15051841480604 -0,0328999003253869 3,15069019192199 25,430218190215 -0,00528967885774829 25,4302187403617
5,05973554604741 -0,0293564656647281 5,05982070808957 16,6494037357285 -0,00547800844045015 16,6494046369192
6,20743462726701 -0,0261433535983944 6,20748967995364 6,05797078903681 -0,00556259945812784 6,05797334290405
5,95508874863991 -0,0237276842126052 5,95513601920021 -3,69013229756988 -0,0056024031107919 3,69013655038523
4,25866692782033 -0,021988862604477 4,25872369521542 -10,1897964578529 -0,00574310480282267 10,1897980762979
1,71894763812277 -0,0205362652172308 1,71907030711281 -12,2558550200733 -0,00614099658562667 12,2558565585966
0,780819571216177 0,0197709917690925 0,781069839969351 -10,1618926746347 -0,00688772430633728 10,161895008882
2,42550084727907 0,0184225671289059 2,42557080934182 -5,35096296079097 -0,007972206563297 5,35096889953907
2,84616009957046 0,0169267003247365 2,84621043241198 0,145379506781051 -0,00929468016904982 0,145676326392954
2,12782257506038 0,015146122158591 2,12787648042668 4,39565174547209 -0,0107130817926465 4,3956648004134
0,744035327176885 0,0128148936598636 0,74414567766448 6,17127395149085 -0,0121041160320758 6,1712858217696
0,68257752993233 -0,0114548362003862 0,682673639187056 5,27555357619955 -0,0134091014874859 5,27557061741709
1,58376562516028 -0,00881639756593269 1,58379016422801 2,49245692577286 -0,01464926337736 2,49249997547655
1,68969439409797 0,00314213395313281 1,68969731563138 1,16288686278608 0,00081773569867611 1,16288715029969
1,12294351846691 -0,00743985954508557 1,12296816391957 4,21726171482299 -0,0139559501159648 4,21728480658532
0,145613669649901 0,00253110491127322 0,145635666239361 6,05389815366839 -0,0127301516095673 6,05391153815032
1,53983444176956 0,00986974907039583 1,53986607210058 5,64902903137384 -0,0114320600067975 5,6490405990133
2,60679086422538 0,0111883173613166 2,60681487418157 2,76564221031237 -0,0100814167747287 2,76566058481978
2,79873172763637 0,0120365273443915 2,79875761031015 -1,93598341839953 -0,00876199772138403 1,93600324610317
1,86798064315903 0,0125588511589432 1,86802286066291 -7,0730661350562 -0,00759164793668055 7,07307020918054
0,0901253136783921 -0,00490371925540157 0,090258620796932 -10,9772233407278 -0,00667652025816023 10,97722537111
2,42483597453102 -0,0130261758584114 2,42487096247147 -12,2401751820696 -0,00606819131968892 12,2401766862533
4,56243749841768 -0,0137214985748231 4,56245813202608 -10,1897964578529 -0,00574310480282267 10,1897980762979
5,86873579943873 -0,0152663268121594 5,86875565553279 -5,14502148963798 -0,00561529840279764 5,14502455391738
6,17599117647941 -0,0182902758823977 6,17601825986156 1,65804187075629 -0,00557777409884661 1,65805125274972
5,83871644211441 -0,0229933623539987 5,83876171684798 8,49991835366655 -0,00555118575517889 8,49992016636984
5,4304159564584 -0,0282246725738941 5,43048930505345 13,8151170648084 -0,00551123380585348 13,8151181641005
5,28512424800853 -0,0320603155118054 5,28522148833125 16,6494037357285 -0,00547800844045015 16,6494046369192
5,45124617919082 -0,0336169761172173 5,45134983350232 16,6494037357285 -0,00547800844045015 16,6494046369192
5,8447962889626 -0,0329742271211071 5,84488930255529 13,8151170648084 -0,00551123380585348 13,8151181641005
6,24939843146838 -0,0306665273792336 6,24947367312968 8,49991835366657 -0,00555118575517889 8,49992016636987
6,33293160554577 -0,0275382485627197 6,33299147920274 1,65804187075629 -0,00557777409884661 1,65805125274972
5,73075567361577 -0,024481089341023 5,73080796349124 -5,14502148963798 -0,00561529840279764 5,14502455391738
4,25866692782033 -0,021988862604477 4,25872369521542 -10,1897964578529 -0,00574310480282267 10,1897980762979
2,10974058902199 -0,020087980792219 2,10983622111745 -12,2401751820696 -0,00606819131968892 12,2401766862533
0,188285481820935 0,0183265725848294 0,189175278319469 -10,9772233407278 -0,00667652025816023 10,97722537111
1,98422926572756 0,0173165041357569 1,98430482544523 -7,0730661350562 -0,00759164793668055 7,07307020918054
2,82344537513183 0,0159654551980659 2,82349051390527 -1,93598341839953 -0,00876199772138403 1,93600324610317
2,57727170827923 0,0144479857695723 2,57731220510619 2,76564221031237 -0,0100814167747287 2,76566058481977
1,49134857169247 0,0126456043335746 1,49140218371777 5,64902903137384 -0,0114320600067975 5,6490405990133
0,0967372247615961 0,00421352222278374 0,096828944144287 6,05389815366839 -0,0127301516095673 6,05391153815032
1,14568556230002 -0,00901585581805456 1,14572103643027 4,21726218793973 -0,0139556169164859 4,21728527859685
1,72494852278187 -0,00661757109418788 1,72496121651896 1,12308928386194 -0,0151545849013766 1,12319152461593
1,73049932491775 -0,00291104311203446 1,73050177339198 -0,405424032163031 -0,0157397456102331 0,405729448582679
1,50631561184821 -0,00491821533480336 1,50632364096821 2,71868793473485 -0,0145641225201482 2,71872694475514
0,605600062046076 -0,00697753345908583 0,605640257185223 5,27555357619955 -0,0134091014874859 5,27557061741709
0,727005868754 0,00736758681976689 0,727043199912017 6,19306079384645 -0,0122115587799483 6,1930728332909
2,01110193629598 0,00899314078809715 2,01112204372452 4,89827538622637 -0,0109577917584275 4,89828764289229
2,77740598592424 0,0100634757612026 2,77742421754261 1,54011943334115 -0,00969102170894885 1,54014992285064
2,68362124538565 0,0109059867380084 2,68364340575121 -3,0490172334886 -0,00849622583066314 3,04902907102636
1,66367646713137 0,0116947550403183 1,66371757055763 -7,63190182371893 -0,00746826359426249 7,63190547778505
0,0901253136783933 -0,00490371925540194 0,0902586207969332 -10,9772233407278 -0,00667652025816023 10,97722537111
2,0176374771094 -0,0136646719690085 2,01768374932654 -12,2558550200733 -0,00614099658562667 12,2558565585966
3,77153891057133 -0,0157738764201533 3,77157189632266 -11,2921081460762 -0,00582976883230634 11,2921096509414
5,02588806854812 -0,0188357439335596 5,02592336420124 -8,59230531825917 -0,00567766506406993 8,59230719411645
5,75509393016213 -0,0227429981844899 5,75513886791235 -5,14502148963798 -0,00561529840279763 5,14502455391738
6,11668413239871 -0,0267750962636595 6,11674273460296 -2,0735485810397 -0,00559242922701456 2,07355612250945
6,27286634833615 -0,0298764695728499 6,27293749590431 -0,291550048551455 -0,00558455043030317 0,291603528809006
6,28348291570557 -0,0312807685016009 6,28356077701504 -0,291550048551455 -0,00558455043030317 0,291603528809006
6,11290192398645 -0,0308180627904006 6,11297960779122 -2,0735485810397 -0,00559242922701456 2,07355612250945
5,66526476023139 -0,0288404522540101 5,66533816953638 -5,14502148963796 -0,00561529840279764 5,14502455391736
4,81516030778314 -0,0260362200303897 4,81523069794207 -8,59230531825917 -0,00567766506406993 8,59230719411645
3,47733152944584 -0,0231241428996924 3,47740841599933 -11,2921081460762 -0,00582976883230634 11,2921096509414
1,71894763812277 -0,0205362652172308 1,71907030711281 -12,2558550200733 -0,00614099658562667 12,2558565585966
0,188285481820935 0,0183265725848294 0,189175278319469 -10,9772233407278 -0,00667652025816023 10,97722537111
1,79828453983621 0,0168216375061908 1,79836321517716 -7,63190182371893 -0,00746826359426249 7,63190547778505
2,7274498831608 0,0152631414956648 2,72749259002517 -3,0490172334886 -0,00849622583066314 3,04902907102636
2,75832622892602 0,0137347237006058 2,75836042384173 1,54011943334115 -0,00969102170894885 1,54014992285064
1,96258467800822 0,0120969582871545 1,96262195920468 4,89827538622636 -0,0109577917584275 4,89828764289228
0,675396331364897 0,0101099225260163 0,67547199420453 6,19306079384645 -0,0122115587799483 6,1930728332909
0,638668473448133 -0,0088267252248833 0,638729465466221 5,27555357619955 -0,0134091014874859 5,27557061741709
1,52257182824901 -0,00659655829917247 1,52258611801071 2,71868793473485 -0,0145641225201482 2,71872694475514
1,73168357231964 -0,00434252111470099 1,73168901715387 -0,405424032163031 -0,0157397456102331 0,405729448582679
1,56451588383727 -0,000628788500080956 1,56451601019424 -1,91180432333286 -0,0164155438949936 1,91187479736398
1,71948602137247 -0,00255714900407263 1,71948792281491 0,897271509053552 -0,0152382300546778 0,897400894034789
1,22236811910235 -0,00433948630812044 1,22237582180736 3,80998371293206 -0,0141321202782581 3,81000992251085
0,185043697620326 -0,00641139724978825 0,185154735407165 5,79352027159897 -0,0130273415719538 5,79353491825644
1,1088235777353 0,00702210725074296 1,1088458127855 6,07366889339075 -0,0118853545914127 6,07368052240124
2,22484759476429 0,00837729705883869 2,22486336637432 4,39565131299964 -0,0107133538708067 4,39566436860534
2,8139979642525 0,00960697900734212 2,81401436330074 1,09305009498891 -0,00955944109314952 1,09309189598555
2,68362124538565 0,0109059867380084 2,68364340575121 -3,04901723348859 -0,00849622583066314 3,04902907102635
1,86798064315903 0,0125588511589432 1,86802286066291 -7,0730661350562 -0,00759164793668055 7,07307020918054
0,61758920111457 0,0152897380867945 0,617778437163434 -10,1618923078646 -0,00688751796774034 10,1618946419721
0,888391155661765 -0,0134504785631968 0,88849297174014 -11,8754466976548 -0,00638880285625898 11,8754484161922
2,15397265487267 -0,018121234811713 2,15404887992132 -12,2401751820696 -0,00606819131968892 12,2401766862533
3,12582005413341 -0,0219452670625436 3,12589708812831 -11,675579635978 -0,00588127024955473 11,6755811172465
3,74539482303348 -0,025478259279326 3,745481480678 -10,7992463660827 -0,00578372653181768 10,7992479148709
4,02665929590677 -0,0281201455325683 4,02675748312425 -10,1897964578529 -0,00574310480282267 10,1897980762979
3,98691188454158 -0,029326027379467 3,9870197379723 -10,1897964578529 -0,00574310480282267 10,1897980762979
3,62484698349547 -0,0289210140741203 3,62496235550264 -10,7992466821114 -0,00578389507650384 10,7992482309898
2,92936847218593 -0,0271413533138433 2,92949420530177 -11,6755799590324 -0,00588144387090979 11,6755814403883
1,90620264673718 -0,024463933883023 1,90635962359909 -12,2401751820696 -0,00606819131968892 12,2401766862533
0,627762124474857 -0,0206851975691768 0,628102827826513 -11,8754466976548 -0,00638880285625898 11,8754484161922
0,780820033486245 0,0197708401151362 0,781070298252544 -10,1618923078646 -0,00688751796774034 10,1618946419721
1,98422926572756 0,0173165041357569 1,98430482544523 -7,0730661350562 -0,00759164793668055 7,07307020918054
2,7274498831608 0,0152631414956648 2,72749259002517 -3,0490172334886 -0,00849622583066314 3,04902907102636
2,79961759025066 0,0134355471553337 2,79964982909796 1,09305009498891 -0,00955944109314952 1,09309189598555
2,17782155871151 0,011686253619004 2,17785291287366 4,39565174547209 -0,0107130817926465 4,3956648004134
1,05411975051599 0,00988153758306219 1,05416606529185 6,07366889339075 -0,0118853545914127 6,07368052240124
0,224175747522992 -0,00842959346512658 0,224334178901655 5,79352027159897 -0,0130273415719538 5,79353491825644
1,24740015366594 -0,00629717586122277 1,24741604839349 3,80998371293206 -0,0141321202782581 3,81000992251085
1,72693906075554 -0,00423168079042376 1,72694424538998 0,897271509053552 -0,0152382300546778 0,897400894034788
1,5598017220209 -0,00205612447789967 1,5598030772079 -1,91180432333286 -0,0164155438949936 1,91187479736398
1,20387434716118 0,00158872809303525 1,20387539546654 -3,1586004833518 -0,0171985790206993 3,15864730613447
1,690159938404 -0,000332378558291833 1,69015997108597 -1,00757864870406 -0,0159916300681844 1,00770554506589
1,63192045350563 -0,00210496384384017 1,63192181106902 1,80741194511424 -0,0149028810205377 1,80747338436956
0,997323930370177 -0,00376938291501573 0,997331053530661 4,41224899567756 -0,0138664059855264 4,41227078464962
0,0597264009153071 0,00457885312147474 0,05990165992862 5,98059901288118 -0,0128303194912306 5,98061277545818
1,23665146930087 0,00681991471223424 1,2366702744712 5,99685451837022 -0,0117740114655425 5,99686607669734
2,22484789792904 0,00837729511377786 2,2248636695296 4,39565174547209 -0,0107130817926465 4,3956648004134
2,77740598592424 0,0100634757612025 2,77742421754261 1,54011943334116 -0,00969102170894885 1,54014992285065
2,79873172763637 0,0120365273443915 2,79875761031015 -1,93598341839953 -0,00876199772138403 1,93600324610317
2,3528751347836 0,0144784309668431 2,35291968091693 -5,35096296079098 -0,007972206563297 5,35096889953908
1,61917186476702 0,0175538562444092 1,61926701489352 -8,17792361352439 -0,00734698138852008 8,17792691375848
0,824621477419485 0,021093362491704 0,824891211592596 -10,1618923078646 -0,00688751796774034 10,1618946419721
0,303242293134872 0,010562015448469 0,303426176385673 -11,3249699263956 -0,00657654346955886 11,3249718359335
0,552875475837645 -0,0187924845157605 0,553194766114953 -11,8754470497869 -0,00638899723670939 11,8754487684288
0,764091598215224 -0,0248783778899068 0,764496503686922 -12,0673814390363 -0,006301486326936 12,0673830843281
0,71514340330102 -0,0270716508295351 0,715655616594742 -12,0673814390363 -0,006301486326936 12,0673830843281
0,398425755893173 -0,0270459427718068 0,399342667366589 -11,8754466976548 -0,00638880285625898 11,8754484161922
0,18503794939742 0,0236296100878664 0,186540615390072 -11,3249699263956 -0,00657654346955886 11,3249718359335
0,917795505091948 0,0235974607820411 0,918098812395672 -10,1618923078646 -0,00688751796774034 10,1618946419721
1,72455240008815 0,0210525247702399 1,7246808949626 -8,17792361352439 -0,00734698138852008 8,17792691375848
2,42550084727907 0,0184225671289059 2,42557080934182 -5,35096296079097 -0,007972206563297 5,35096889953907
2,82344537513183 0,0159654551980659 2,82349051390527 -1,93598341839953 -0,00876199772138403 1,93600324610317
2,75832622892602 0,0137347237006058 2,75836042384173 1,54011943334115 -0,00969102170894885 1,54014992285064
2,17782155871151 0,011686253619004 2,17785291287366 4,39565174547209 -0,0107130817926465 4,3956648004134
1,18099179189341 0,0097415980492636 1,18103196876806 5,99685451837022 -0,0117740114655425 5,99686607669734
0,0161990380274101 0,00297743590437763 0,0164703964001524 5,98059901288119 -0,0128303194912306 5,98061277545819
1,02869416720662 -0,00594652406517919 1,02871135445924 4,41224853234808 -0,0138667311161406 4,41227032234423
1,64501245680815 -0,00397878009099752 1,64501726852486 1,80741194511424 -0,0149028810205377 1,80747338436956
1,68882061620334 -0,00193938106246155 1,68882172976082 -1,00757864870406 -0,0159916300681844 1,00770554506589
1,19463613791207 0,000207583646644564 1,19463615594726 -3,1586004833518 -0,0171985790206993 3,15864730613447
0,67657496669189 0,00375356676043534 0,676585378808586 -3,90083766437206 -0,0181082591572797 3,90087969473982
1,38871762774298 0,00178529750898026 1,3887187753074 -2,66956255705647 -0,016846851276915 2,6696157143746
1,72814268516757 -4,09687450978227E-05 1,72814268565319 -0,405424032163028 -0,0157397456102331 0,405729448582677
1,56195416407279 -0,00179403807430858 1,56195519437561 2,26482891185986 -0,0147340776240566 2,26487683838211
0,913195169895922 -0,00352264925991675 0,91320196417827 4,60064060291356 -0,0137768233162021 4,60066123052301
0,0597264009153089 0,0045788531214748 0,0599016599286218 5,98059901288119 -0,0128303194912306 5,98061277545819
1,1088235777353 0,00702210725074296 1,1088458127855 6,07366889339075 -0,0118853545914127 6,07368052240124
2,01110193629598 0,00899314078809715 2,01112204372452 4,89827538622636 -0,0109577917584275 4,89828764289228
2,60679086422538 0,0111883173613166 2,60681487418157 2,76564221031237 -0,0100814167747287 2,76566058481977
2,84830877731449 0,0136674554691564 2,84834156839831 0,145379506781041 -0,00929468016904982 0,145676326392944
2,7889752496629 0,0164088913052758 2,78902351997005 -2,48774687026332 -0,00862894007256478 2,48776183528724
2,5434230965002 0,0192551180924971 2,54349598139714 -4,77117446050001 -0,00810182466581764 4,7711813392587
2,23944004082224 0,0218997541495136 2,23954711843036 -6,50464559140057 -0,0077169106178921 6,50465016895116
1,98274284352753 0,0239801453913414 1,98288785132509 -7,63190182371893 -0,00746826359426249 7,63190547778505
1,84330775377652 0,0252413834050442 1,84348056745083 -8,17792361352438 -0,00734698138852008 8,17792691375848
1,8550089038459 0,0256040730202328 1,85518559769711 -8,17792361352438 -0,00734698138852008 8,17792691375848
2,01538209683266 0,0250913840706347 2,01553828388056 -7,63190182371893 -0,00746826359426249 7,63190547778505
2,28439391248402 0,023776633421319 2,2845176461763 -6,50464559140057 -0,0077169106178921 6,50465016895116
2,58613571133352 0,0218134550077785 2,58622770541457 -4,77117446050001 -0,00810182466581764 4,7711813392587
2,81404869800631 0,0194443667456325 2,81411587503947 -2,48774687026332 -0,00862894007256478 2,48776183528724
2,84616009957046 0,0169267003247365 2,84621043241198 0,145379506781051 -0,00929468016904982 0,145676326392954
2,57727170827923 0,0144479857695723 2,57731220510619 2,76564221031237 -0,0100814167747287 2,76566058481977
1,96258467800822 0,0120969582871545 1,96262195920468 4,89827538622636 -0,0109577917584275 4,89828764289228
1,05411975051599 0,00988153758306219 1,05416606529185 6,07366889339075 -0,0118853545914127 6,07368052240124
0,0161990380274102 0,00297743590437764 0,0164703964001526 5,98059901288119 -0,0128303194912306 5,98061277545819
0,946909161029873 -0,00578900167948492 0,946926856617101 4,60064106525422 -0,0137765000492704 4,60066169189358
1,5783686558837 -0,00378349521219763 1,57837319057064 2,26482891185986 -0,0147340776240566 2,26487683838211
1,72957139626489 -0,00177294492251334 1,72957230496773 -0,405424512806937 -0,0157401106747975 0,405729943027128
1,38062950713832 0,000283463772931413 1,38062953623798 -2,66956255705647 -0,016846851276915 2,6696157143746
0,665183816376991 0,00244615907668584 0,665188314136747 -3,90083816561725 -0,0181086785683428 3,90088019792657
0,0612797219099469 0,00607302456303652 0,0615799151079609 -3,95392476649309 -0,0191618219587718 3,95397119798668
0,849012452654785 0,00383388875008421 0,849021108963636 -3,75043632130952 -0,0178305726274668 3,75047870671437
1,46976228879481 0,00193345688121992 1,46976356051539 -2,38533046138855 -0,0166732986182563 2,38538873329169
1,73381723196609 7,82413933999262E-05 1,73381723373148 -0,196345420997043 -0,015656046226181 0,196968617119435
1,5619541640728 -0,00179403807430856 1,56195519437561 2,26482891185985 -0,0147340776240566 2,2648768383821
0,997323930370177 -0,00376938291501573 0,997331053530661 4,41224899567756 -0,0138664059855264 4,41227078464962
0,185043697620327 -0,00641139724978825 0,185154735407165 5,79352027159897 -0,0130273415719538 5,79353491825644
0,727005868753997 0,00736758681976688 0,727043199912014 6,19306079384644 -0,0122115587799483 6,1930728332909
1,53983408294783 0,00986974597639808 1,5398657132664 5,64902858925533 -0,0114323443431842 5,64904015747111
2,16558940754717 0,0124179853382423 2,16562501103962 4,39565174547209 -0,0107130817926465 4,3956648004134
2,57118128748805 0,0150566183157269 2,57122537224644 2,76564221031237 -0,0100814167747287 2,76566058481978
2,78364729826202 0,0176565478086543 2,78370329503737 1,09305009498891 -0,00955944109314951 1,09309189598555
2,86288432872826 0,0200036009185721 2,86295421264951 -0,353397071937118 -0,00916171883379814 0,353515809470691
2,87399279916391 0,021856561421758 2,87407590695222 -1,39536526749074 -0,00889524330794248 1,39539362012051
2,86764392419554 0,0230156970394438 2,86773628464784 -1,93598382212275 -0,0087622380018821 1,93600365090973
2,86989998117172 0,023367185370673 2,86999510927834 -1,93598381459877 -0,00876223352389477 1,93600364336556
2,87868243992099 0,0228931528851106 2,87877346909383 -1,39536526749074 -0,00889524330794248 1,39539362012051
2,86452803357562 0,0216650373252134 2,86460996105629 -0,353397071937118 -0,00916171883379814 0,353515809470691
2,77556351210701 0,0198315976540528 2,77563436028691 1,09305009498891 -0,00955944109314951 1,09309189598555
2,54852104648603 0,0175917318279025 2,54858176117835 2,76564221031237 -0,0100814167747287 2,76566058481978
2,12782257506038 0,015146122158591 2,12787648042668 4,39565174547209 -0,0107130817926465 4,3956648004134
1,49134857169247 0,0126456043335746 1,49140218371777 5,64902903137384 -0,0114320600067975 5,6490405990133
0,675396331364897 0,0101099225260163 0,67547199420453 6,19306079384645 -0,0122115587799483 6,1930728332909
0,224175747522992 -0,00842959346512658 0,224334178901655 5,79352027159897 -0,0130273415719538 5,79353491825644
1,02869382388394 -0,00594660393550547 1,02871101160401 4,41224899567756 -0,0138664059855264 4,41227078464962
1,5783686558837 -0,00378349521219763 1,57837319057064 2,26482891185986 -0,0147340776240566 2,26487683838211
1,73630832561026 -0,00169892390754289 1,73630915678226 -0,196345910141462 -0,0156564164163127 0,196969134141063
1,46251877097042 0,000364306053422471 1,46251881634382 -2,38533046138855 -0,0166732986182563 2,38538873329169
0,837511565258645 0,00245727394751257 0,837515170093795 -3,75043632130951 -0,0178305726274668 3,75047870671436
0,0503210827016506 0,00485642290283753 0,0505548831239631 -3,95392476649309 -0,0191618219587718 3,95397119798668
0,533102947160408 -0,0078496894315906 0,533160735515365 -3,26222998103844 -0,0203685753976116 3,26229356864918
0,172901411624219 0,00586201347390706 0,173000755326721 -3,99896095710108 -0,0189662372511599 3,99900593330071
0,905346886715216 0,00387764980741833 0,905355190769326 -3,68662868786447 -0,0177389358614436 3,68667136479925
1,46976228879481 0,00193345688121992 1,46976356051539 -2,38533046138855 -0,0166732986182563 2,38538873329169
1,72814268516757 -4,09687450978231E-05 1,72814268565319 -0,405424032163027 -0,0157397456102331 0,405729448582676
1,63192074917686 -0,00210483459182713 1,6319221065733 1,80741146233478 -0,0149032347697245 1,80747290452326
1,22236811910235 -0,00433948630812044 1,22237582180736 3,80998371293206 -0,0141321202782581 3,81000992251085
0,605600062046076 -0,00697753345908583 0,605640257185223 5,27555357619955 -0,0134091014874859 5,27557061741709
0,145613669649901 0,00253110491127322 0,145635666239361 6,05389815366839 -0,0127301516095673 6,05391153815032
0,78878500696192 0,0102584296444102 0,788851711405056 6,17127395149086 -0,0121041160320758 6,1712858217696
1,35753858684482 0,013122483824337 1,35760200882082 5,78493591613534 -0,011547651811407 5,78494744159833
1,79114990175109 0,015651151907087 1,79121828069584 5,11753513668225 -0,0110785656140306 5,11754712824352
2,08890626518321 0,017837620821323 2,08898242343928 4,39565174547209 -0,0107130817926465 4,39566480041339
2,26861204221167 0,0195285800529074 2,26869609324534 3,80728311170255 -0,0104636407456152 3,80729749040354
2,35064637557287 0,0205748377846895 2,35073641800686 3,48109256402796 -0,0103372536130253 3,48110791245302
2,34732816327514 0,0208817834028034 2,34742104339693 3,48109256402796 -0,0103372536130253 3,48110791245302
2,25802984594753 0,0204301941641529 2,25812226817403 3,80728311170255 -0,0104636407456152 3,80729749040354
2,06964555904721 0,0192774472440466 2,06973533575094 4,39565174547209 -0,0107130817926465 4,39566480041339
1,76218055542087 0,0175422285785256 1,76226786831256 5,11753557409818 -0,0110782873773652 5,1175475650561
1,31943754434009 0,0153679574778094 1,31952703933312 5,78493635976961 -0,0115473654543481 5,78494788466011
0,744035327176885 0,0128148936598636 0,74414567766448 6,17127395149085 -0,0121041160320758 6,1712858217696
0,0967372247615961 0,00421352222278374 0,096828944144287 6,05389815366839 -0,0127301516095673 6,05391153815032
0,638668473448133 -0,0088267252248833 0,638729465466221 5,27555357619955 -0,0134091014874859 5,27557061741709
1,24740015366594 -0,00629717586122277 1,24741604839349 3,80998371293206 -0,0141321202782581 3,81000992251085
1,64501245680815 -0,00397878009099752 1,64501726852486 1,80741194511424 -0,0149028810205377 1,80747338436956
1,72957108111902 -0,00177309651148376 1,72957198997742 -0,405424032163028 -0,0157397456102331 0,405729448582677
1,46251877097042 0,000364306053422471 1,46251881634382 -2,38533046138855 -0,0166732986182563 2,38538873329169
0,893859200833202 0,00247552558508998 0,893862628786489 -3,68662868786447 -0,0177389358614436 3,68667136479925
0,161595497453973 0,0046183628738233 0,161661479867751 -3,99896095710108 -0,0189662372511599 3,99900593330071
0,540865332181881 -0,00676901171230607 0,540907688127815 -3,26222998103844 -0,0203685753976116 3,26229356864918
0,971697913496525 -0,00999110963717437 0,971749277007851 -1,94351778628794 -0,0217252616431848 1,94363920844663
0,488152344208364 -0,00788891682446248 0,488216085524416 -3,3436212492162 -0,0202660560665673 3,34368266604931
0,172901411624219 0,00586201347390706 0,173000755326721 -3,99896095710108 -0,0189662372511599 3,99900593330071
0,849012452654791 0,0038338887500842 0,849021108963641 -3,75043632130951 -0,0178305726274668 3,75047870671436
1,38871762774298 0,00178529750898026 1,3887187753074 -2,66956255705647 -0,016846851276915 2,6696157143746
1,690159938404 -0,000332378558291831 1,69015997108597 -1,00757864870406 -0,0159916300681844 1,00770554506589
1,71948602137247 -0,00255714900407263 1,71948792281491 0,897271509053552 -0,0152382300546778 0,897400894034788
1,50631561184821 -0,00491821533480336 1,50632364096821 2,71868793473485 -0,0145641225201482 2,71872694475514
1,12294312862211 -0,00743993477872933 1,12296777458177 4,21726218793973 -0,0139556169164859 4,21728527859685
0,658270472839314 -0,0101792545526662 0,658349172275125 5,27555357619955 -0,0134091014874859 5,27557061741709
0,207078918433733 -0,0130083606462636 0,207487098168507 5,89359289086472 -0,012929371856696 5,89360707308417
0,262195233205368 0,0106337906078175 0,262410780682327 6,15685638251711 -0,012526346544376 6,15686912515601
0,576313835326669 0,0147934647783617 0,576503671618043 6,19306079384645 -0,0122115587799483 6,1930728332909
0,793426740292912 0,0167352160983429 0,793603212991036 6,13164727575928 -0,0119953859254384 6,13165900907819
0,900357953633877 0,0178228525809052 0,900534340681078 6,07366889339075 -0,0118853545914127 6,07368052240124
0,895379068304012 0,0181441120141701 0,895562887103828 6,07366889339075 -0,0118853545914127 6,07368052240124
0,778487619157185 0,017709865930617 0,778689034552499 6,13164727575928 -0,0119953859254384 6,13165900907819
0,551226909221716 0,016511620185695 0,551474150845969 6,19306079384644 -0,0122115587799483 6,1930728332909
0,223491860028116 0,013854359534561 0,223920867220855 6,15685638251711 -0,012526346544376 6,15686912515601
0,217177104302575 -0,013750360641896 0,217611964402313 5,89359289086472 -0,012929371856696 5,89360707308417
0,68257752993233 -0,0114548362003862 0,682673639187056 5,27555357619955 -0,0134091014874859 5,27557061741709
1,14568556230002 -0,00901585581805456 1,14572103643027 4,21726218793973 -0,0139556169164859 4,21728527859685
1,52257182824901 -0,00659655829917247 1,52258611801071 2,71868793473485 -0,0145641225201482 2,71872694475514
1,72693906075554 -0,00423168079042376 1,72694424538998 0,897271509053552 -0,0152382300546778 0,897400894034788
1,68882061620334 -0,00193938106246155 1,68882172976082 -1,00757864870406 -0,0159916300681844 1,00770554506589
1,38062950713832 0,000283463772931412 1,38062953623798 -2,66956255705647 -0,016846851276915 2,6696157143746
0,837511565258645 0,00245727394751257 0,837515170093795 -3,75043632130951 -0,0178305726274668 3,75047870671436
0,161595497453973 0,0046183628738233 0,161661479867752 -3,99896095710108 -0,0189662372511599 3,99900593330071
0,496328606118886 -0,00678118620347352 0,496374928595555 -3,34362124921621 -0,0202660560665673 3,34368266604931
0,975202774452153 -0,00901203491437012 0,975244414530262 -1,94351778628794 -0,0217252616431848 1,94363920844663
1,15316875672673 -0,0121681037584975 1,15323295315377 -0,286801105691792 -0,0232145267503348 0,287739097931227
0,971697913496525 -0,00999110963717437 0,971749277007852 -1,94351778628794 -0,0217252616431848 1,94363920844663
0,533102947160408 -0,0078496894315906 0,533160735515365 -3,26222998103844 -0,0203685753976116 3,26229356864918
0,0612797219099469 0,00607302456303652 0,0615799151079609 -3,95392476649309 -0,0191618219587718 3,95397119798668
0,676574966691888 0,00375356676043535 0,676585378808583 -3,90083766437207 -0,0181082591572797 3,90087969473982
1,20387434716118 0,00158872809303525 1,20387539546654 -3,1586004833518 -0,0171985790206993 3,15864730613447
1,56451588383727 -0,000628788500080956 1,56451601019424 -1,91180432333286 -0,0164155438949936 1,91187479736398
1,73049932491775 -0,00291104311203445 1,73050177339198 -0,40542403216303 -0,0157397456102331 0,405729448582679
1,71788045485525 -0,00523749697325707 1,71788843891221 1,12308928386194 -0,0151545849013766 1,12319152461593
1,57219911917785 -0,0075534923798832 1,57221726411802 2,49245692577286 -0,01464926337736 2,49249997547655
1,35116603755276 -0,00976740719154679 1,35120134076283 3,59890770929387 -0,0142194959753865 3,59893580021659
1,11031983177824 -0,0117550198125572 1,11038205556955 4,41224899567756 -0,0138664059855264 4,41227078464962
0,894528486970117 -0,0133780105750011 0,894628517971561 4,95511226377469 -0,0135944375453485 4,95513091202871
0,735316242872273 -0,0145216049042982 0,735459620945156 5,27555357619955 -0,0134091014874859 5,2755706174171
0,652074231268127 -0,0151363428095843 0,652249884597589 5,42139037299041 -0,0133151054926971 5,42140672412496
0,654209036086584 -0,0152346769654403 0,654386398299643 5,42139037299041 -0,0133151054926971 5,42140672412496
0,741780501698486 -0,014836598461502 0,741928862731438 5,27555357619955 -0,0134091014874859 5,2755706174171
0,905016673371693 -0,0139469580676486 0,905124133321008 4,95511226377469 -0,0135944375453485 4,95513091202871
1,12354099935867 -0,0125915895523589 1,12361155448283 4,41224899567756 -0,0138664059855264 4,41227078464962
1,36488382723218 -0,0108451908404694 1,36492691379588 3,59890770929387 -0,0142194959753865 3,59893580021659
1,58376562516028 -0,00881639756593269 1,58379016422801 2,49245692577286 -0,01464926337736 2,49249997547655
1,72494852278187 -0,00661757109418788 1,72496121651896 1,12308928386194 -0,0151545849013766 1,12319152461593
1,73168357231964 -0,00434252111470099 1,73168901715387 -0,405424032163031 -0,0157397456102331 0,405729448582679
1,55980207114426 -0,00205595518916992 1,55980342610781 -1,91180480836324 -0,0164159230141071 1,91187528563167
1,19463613791207 0,000207583646644564 1,19463615594726 -3,1586004833518 -0,0171985790206993 3,15864730613447
0,665183516991486 0,00244592244654488 0,665188013883125 -3,90083766437206 -0,0181082591572797 3,90087969473982
0,0503210827016506 0,00485642290283753 0,0505548831239631 -3,95392476649309 -0,0191618219587718 3,95397119798668
0,540865332181881 -0,00676901171230607 0,540907688127815 -3,26222998103844 -0,0203685753976116 3,26229356864918
0,975202774452153 -0,00901203491437012 0,975244414530262 -1,94351778628794 -0,0217252616431848 1,94363920844663
1,1522445867706 -0,011295026786338 1,15229994592217 -0,286801105502615 -0,0232145267503348 0,287739097742667
