матрица А: 
10.000000 2.000000 1.000000 1.000000 1.000000 1.000000 1.000000 1.000000 1.000000 1.000000  
2.000000 20.000000 1.000000 1.000000 1.000000 1.000000 1.000000 1.000000 1.000000 0.000000  
1.000000 1.000000 10.000000 1.000000 1.000000 1.000000 1.000000 1.000000 1.000000 0.000000  
1.000000 1.000000 1.000000 10.000000 1.000000 1.000000 1.000000 1.000000 1.000000 0.000000  
1.000000 1.000000 1.000000 1.000000 10.000000 1.000000 1.000000 1.000000 1.000000 0.000000  
1.000000 1.000000 1.000000 1.000000 1.000000 10.000000 1.000000 1.000000 1.000000 0.000000  
1.000000 1.000000 1.000000 1.000000 1.000000 1.000000 10.000000 1.000000 1.000000 0.000000  
1.000000 1.000000 1.000000 1.000000 1.000000 1.000000 1.000000 10.000000 1.000000 0.000000  
1.000000 1.000000 1.000000 1.000000 1.000000 1.000000 1.000000 1.000000 10.000000 0.000000  
1.000000 0.000000 0.000000 0.000000 0.000000 0.000000 0.000000 0.000000 0.000000 2.000000  
 
 
столбец значений: 
1.000000 
1.000000 
1.000000 
1.000000 
100.000000 
1.000000 
1.000000 
0.000000 
1.000000 
0.000000 
 
 
 
столбец приближения: 
0.000000 
0.000000 
0.000000 
0.000000 
-10.000000 
0.000000 
0.000000 
0.000000 
0.000000 
0.000000 
 
 
точность 0.000100 
изначальная невязка 202.353651 
 
 
 
 
 
столбец решений: 
-0.572653 
-0.238606 
-0.567352 
-0.567352 
10.432648 
-0.567352 
-0.567352 
-0.678463 
-0.567352 
0.286327 
 
 
при номере итерации 9 
и невязке  0.000013 
1.000000 
0.000000 
-0.000000 
0.000000 
-0.000000 
0.000000 
-0.000000 
0.000000 
-0.000000 
0.000000 
0.902254 
0.303247 
-0.595377 
0.920518 
-1.032448 
0.824461 
-0.457481 
0.167909 
-0.036706 
0.000014 
0.812342 
0.567239 
-1.092112 
1.677953 
-1.876164 
1.495449 
-0.828787 
0.303925 
-0.066397 
0.000052 
0.729752 
0.795200 
-1.499616 
2.289179 
-2.551506 
2.029939 
-1.123609 
0.411676 
-0.089878 
0.000106 
0.653994 
0.990159 
-1.826672 
2.769856 
-3.077298 
2.443588 
-1.350872 
0.494502 
-0.107889 
0.000170 
0.584608 
1.154956 
-2.081460 
3.134492 
-3.470916 
2.750809 
-1.518774 
0.555463 
-0.121108 
0.000239 
0.521157 
1.292257 
-2.271591 
3.396507 
-3.748365 
2.964844 
-1.634833 
0.597364 
-0.130155 
0.000308 
0.463231 
1.404555 
-2.404135 
3.568292 
-3.924359 
3.097830 
-1.705926 
0.622766 
-0.135597 
0.000374 
0.410439 
1.494183 
-2.485650 
3.661262 
-4.012396 
3.160869 
-1.738330 
0.634004 
-0.137948 
0.000434 
0.362416 
1.563320 
-2.522206 
3.685914 
-4.024826 
3.164084 
-1.737757 
0.633196 
-0.137676 
0.000487 
0.318815 
1.614000 
-2.519414 
3.651878 
-3.972922 
3.116689 
-1.709390 
0.622265 
-0.135204 
0.000531 
0.279310 
1.648116 
-2.482449 
3.567965 
-3.866945 
3.027035 
-1.657919 
0.602945 
-0.130913 
0.000566 
0.243596 
1.667432 
-2.416075 
3.442217 
-3.716205 
2.902675 
-1.587574 
0.576798 
-0.125146 
0.000590 
0.211384 
1.673585 
-2.324667 
3.281955 
-3.529124 
2.750411 
-1.502153 
0.545222 
-0.118209 
0.000603 
0.182402 
1.668095 
-2.212233 
3.093817 
-3.313287 
2.576346 
-1.405052 
0.509467 
-0.110376 
0.000606 
0.156397 
1.652367 
-2.082435 
2.883806 
-3.075504 
2.385929 
-1.299297 
0.470643 
-0.101889 
0.000599 
0.133130 
1.627702 
-1.938612 
2.657327 
-2.821858 
2.184006 
-1.187566 
0.429730 
-0.092961 
0.000583 
0.112378 
1.595301 
-1.783794 
2.419227 
-2.557755 
1.974857 
-1.072219 
0.387587 
-0.083781 
0.000558 
0.093931 
1.556266 
-1.620727 
2.173833 
-2.287972 
1.762243 
-0.955317 
0.344966 
-0.074511 
0.000525 
0.077594 
1.511615 
-1.451886 
1.924981 
-2.016703 
1.549441 
-0.838649 
0.302515 
-0.065291 
0.000485 
0.063185 
1.462277 
-1.279492 
1.676060 
-1.747599 
1.339282 
-0.723753 
0.260788 
-0.056241 
0.000440 
0.050532 
1.409103 
-1.105534 
1.430034 
-1.483815 
1.134188 
-0.611937 
0.220257 
-0.047463 
0.000389 
0.039478 
1.352868 
-0.931777 
1.189479 
-1.228040 
0.936206 
-0.504295 
0.181312 
-0.039039 
0.000335 
0.029873 
1.294279 
-0.759781 
0.956606 
-0.982542 
0.747033 
-0.401730 
0.144275 
-0.031040 
0.000278 
0.021582 
1.233973 
-0.590916 
0.733297 
-0.749198 
0.568057 
-0.304969 
0.109400 
-0.023517 
0.000220 
0.014476 
1.172527 
-0.426373 
0.521123 
-0.529528 
0.400375 
-0.214580 
0.076887 
-0.016514 
0.000161 
0.008437 
1.110461 
-0.267179 
0.321374 
-0.324730 
0.244826 
-0.130986 
0.046880 
-0.010061 
0.000102 
0.003355 
1.048238 
-0.114205 
0.135079 
-0.135703 
0.102013 
-0.054483 
0.019476 
-0.004176 
0.000044 
-0.000870 
0.986271 
0.031815 
-0.036969 
0.036919 
-0.027671 
0.014752 
-0.005267 
0.001128 
-0.000012 
-0.004331 
0.924928 
0.170280 
-0.194191 
0.192745 
-0.144023 
0.076642 
-0.027332 
0.005851 
-0.000066 
-0.007115 
0.864528 
0.300706 
-0.336206 
0.331600 
-0.247008 
0.131202 
-0.046731 
0.009995 
-0.000116 
-0.009301 
0.805355 
0.422720 
-0.462808 
0.453501 
-0.336739 
0.178528 
-0.063509 
0.013571 
-0.000163 
-0.010961 
0.747649 
0.536050 
-0.573952 
0.558636 
-0.413461 
0.218784 
-0.077731 
0.016595 
-0.000206 
-0.012161 
0.691618 
0.640513 
-0.669735 
0.647347 
-0.477529 
0.252194 
-0.089487 
0.019088 
-0.000244 
-0.012962 
0.637438 
0.736011 
-0.750378 
0.720103 
-0.529398 
0.279035 
-0.098882 
0.021072 
-0.000277 
-0.013419 
0.585254 
0.822519 
-0.816216 
0.777490 
-0.569605 
0.299624 
-0.106039 
0.022577 
-0.000306 
-0.013581 
0.535182 
0.900079 
-0.867682 
0.820190 
-0.598757 
0.314313 
-0.111090 
0.023630 
-0.000329 
-0.013496 
0.487315 
0.968794 
-0.905292 
0.848965 
-0.617514 
0.323485 
-0.114177 
0.024263 
-0.000347 
-0.013203 
0.441722 
1.028820 
-0.929636 
0.864646 
-0.626583 
0.327540 
-0.115450 
0.024510 
-0.000360 
-0.012739 
0.398450 
1.080360 
-0.941366 
0.868117 
-0.626705 
0.326897 
-0.115063 
0.024405 
-0.000367 
-0.012138 
0.357528 
1.123659 
-0.941184 
0.860301 
-0.618644 
0.321984 
-0.113174 
0.023981 
-0.000370 
-0.011429 
0.318967 
1.158996 
-0.929833 
0.842155 
-0.603178 
0.313233 
-0.109941 
0.023272 
-0.000368 
-0.010639 
0.282764 
1.186683 
-0.908089 
0.814652 
-0.581094 
0.301078 
-0.105521 
0.022314 
-0.000361 
-0.009790 
0.248900 
1.207055 
-0.876750 
0.778777 
-0.553175 
0.285948 
-0.100071 
0.021140 
-0.000350 
-0.008904 
0.217344 
1.220471 
-0.836631 
0.735515 
-0.520201 
0.268268 
-0.093744 
0.019783 
-0.000335 
-0.007997 
0.188055 
1.227305 
-0.788558 
0.685847 
-0.482933 
0.248450 
-0.086687 
0.018275 
-0.000316 
-0.007086 
0.160981 
1.227945 
-0.733356 
0.630736 
-0.442119 
0.226895 
-0.079044 
0.016646 
-0.000294 
-0.006183 
0.136062 
1.222790 
-0.671849 
0.571130 
-0.398479 
0.203988 
-0.070953 
0.014926 
-0.000269 
-0.005300 
0.113232 
1.212244 
-0.604851 
0.507947 
-0.352707 
0.180096 
-0.062544 
0.013143 
-0.000242 
-0.004447 
0.092416 
1.196714 
-0.533164 
0.442078 
-0.305465 
0.155569 
-0.053939 
0.011322 
-0.000212 
-0.003632 
0.073538 
1.176610 
-0.457571 
0.374376 
-0.257384 
0.130734 
-0.045254 
0.009489 
-0.000182 
-0.002859 
0.056514 
1.152339 
-0.378833 
0.305657 
-0.209053 
0.105899 
-0.036596 
0.007665 
-0.000149 
-0.002135 
0.041259 
1.124303 
-0.297688 
0.236695 
-0.161026 
0.081345 
-0.028064 
0.005871 
-0.000117 
-0.001464 
0.027684 
1.092899 
-0.214843 
0.168219 
-0.113814 
0.057334 
-0.019746 
0.004126 
-0.000083 
-0.000847 
0.015698 
1.058516 
-0.130978 
0.100909 
-0.067889 
0.034101 
-0.011724 
0.002447 
-0.000050 
-0.000287 
0.005212 
1.021533 
-0.046737 
0.035400 
-0.023678 
0.011859 
-0.004070 
0.000848 
-0.000018 
0.000217 
-0.003867 
0.982319 
0.037270 
-0.027727 
0.018435 
-0.009205 
0.003154 
-0.000657 
0.000014 
0.000663 
-0.011631 
0.941228 
0.120467 
-0.087938 
0.058108 
-0.028927 
0.009892 
-0.002057 
0.000045 
0.001052 
-0.018170 
0.898604 
0.202317 
-0.144754 
0.095045 
-0.047166 
0.016099 
-0.003344 
0.000074 
0.001386 
-0.023575 
0.854774 
0.282323 
-0.197746 
0.128989 
-0.063807 
0.021737 
-0.004510 
0.000101 
0.001667 
-0.027933 
0.810051 
0.360023 
-0.246537 
0.159728 
-0.078755 
0.026779 
-0.005548 
0.000126 
0.001896 
-0.031331 
0.764731 
0.434996 
-0.290801 
0.187092 
-0.091939 
0.031201 
-0.006456 
0.000149 
0.002076 
-0.033854 
0.719096 
0.506863 
-0.330263 
0.210949 
-0.103310 
0.034990 
-0.007231 
0.000170 
0.002210 
-0.035582 
0.673408 
0.575279 
-0.364698 
0.231207 
-0.112836 
0.038139 
-0.007871 
0.000188 
0.002301 
-0.036596 
0.627914 
0.639943 
-0.393927 
0.247812 
-0.120509 
0.040649 
-0.008378 
0.000203 
0.002352 
-0.036971 
0.582843 
0.700589 
-0.417821 
0.260745 
-0.126336 
0.042525 
-0.008753 
0.000215 
0.002367 
-0.036781 
0.538407 
0.756991 
-0.436295 
0.270024 
-0.130343 
0.043780 
-0.008999 
0.000224 
0.002348 
-0.036094 
0.494800 
0.808958 
-0.449308 
0.275696 
-0.132572 
0.044433 
-0.009120 
0.000230 
0.002299 
-0.034977 
0.452199 
0.856338 
-0.456861 
0.277840 
-0.133080 
0.044505 
-0.009122 
0.000234 
0.002223 
-0.033492 
0.410764 
0.899011 
-0.458994 
0.276564 
-0.131937 
0.044023 
-0.009011 
0.000234 
0.002124 
-0.031699 
0.370639 
0.936893 
-0.455786 
0.272001 
-0.129227 
0.043021 
-0.008793 
0.000231 
0.002006 
-0.029654 
0.331950 
0.969931 
-0.447350 
0.264310 
-0.125043 
0.041531 
-0.008476 
0.000226 
0.001870 
-0.027407 
0.294807 
0.998103 
-0.433835 
0.253671 
-0.119491 
0.039593 
-0.008068 
0.000218 
0.001721 
-0.025007 
0.259305 
1.021419 
-0.415417 
0.240283 
-0.112683 
0.037247 
-0.007578 
0.000207 
0.001561 
-0.022498 
0.225524 
1.039914 
-0.392303 
0.224365 
-0.104740 
0.034536 
-0.007016 
0.000194 
0.001394 
-0.019922 
0.193528 
1.053651 
-0.364726 
0.206149 
-0.095786 
0.031505 
-0.006390 
0.000179 
0.001221 
-0.017316 
0.163368 
1.062719 
-0.332940 
0.185882 
-0.085955 
0.028199 
-0.005710 
0.000162 
0.001045 
-0.014713 
0.135082 
1.067227 
-0.297224 
0.163820 
-0.075380 
0.024665 
-0.004987 
0.000143 
0.000869 
-0.012144 
0.108693 
1.067308 
-0.257873 
0.140230 
-0.064199 
0.020950 
-0.004229 
0.000123 
0.000694 
-0.009636 
0.084214 
1.063114 
-0.215198 
0.115384 
-0.052549 
0.017102 
-0.003446 
0.000101 
0.000523 
-0.007214 
0.061645 
1.054815 
-0.169524 
0.089560 
-0.040570 
0.013167 
-0.002649 
0.000079 
0.000358 
-0.004897 
0.040975 
1.042597 
-0.121188 
0.063036 
-0.028398 
0.009190 
-0.001846 
0.000056 
0.000199 
-0.002705 
0.022185 
1.026661 
-0.070534 
0.036094 
-0.016168 
0.005217 
-0.001046 
0.000032 
0.000048 
-0.000651 
0.005243 
1.007221 
-0.017915 
0.009011 
-0.004013 
0.001291 
-0.000258 
0.000008 
-0.000093 
0.001251 
-0.009889 
0.984500 
0.036314 
-0.017936 
0.007940 
-0.002547 
0.000509 
-0.000016 
-0.000224 
0.002992 
-0.023258 
0.958732 
0.091794 
-0.044477 
0.019566 
-0.006257 
0.001248 
-0.000039 
-0.000343 
0.004565 
-0.034917 
0.930160 
0.148167 
-0.070348 
0.030749 
-0.009803 
0.001951 
-0.000062 
-0.000451 
0.005964 
-0.044929 
0.899031 
0.205078 
-0.095293 
0.041378 
-0.013149 
0.002612 
-0.000084 
-0.000546 
0.007187 
-0.053359 
0.865597 
0.262176 
-0.119067 
0.051349 
-0.016264 
0.003224 
-0.000104 
-0.000629 
0.008232 
-0.060279 
0.830113 
0.319114 
-0.141433 
0.060566 
-0.019119 
0.003783 
-0.000124 
-0.000699 
0.009101 
-0.065765 
0.792836 
0.375554 
-0.162171 
0.068942 
-0.021689 
0.004283 
-0.000142 
-0.000756 
0.009797 
-0.069898 
0.754024 
0.431168 
-0.181071 
0.076399 
-0.023950 
0.004720 
-0.000158 
-0.000801 
0.010323 
-0.072761 
0.713931 
0.485639 
-0.197938 
0.082867 
-0.025885 
0.005091 
-0.000172 
-0.000833 
0.010684 
-0.074440 
0.672812 
0.538662 
-0.212595 
0.088287 
-0.027477 
0.005393 
-0.000183 
-0.000852 
0.010888 
-0.075022 
0.630914 
0.589945 
-0.224880 
0.092611 
-0.028714 
0.005623 
-0.000193 
-0.000860 
0.010943 
-0.074596 
0.588483 
0.639214 
-0.234648 
0.095799 
-0.029589 
0.005782 
-0.000200 
-0.000857 
0.010857 
-0.073253 
0.545756 
0.686208 
-0.241773 
0.097824 
-0.030095 
0.005868 
-0.000205 
-0.000844 
0.010639 
-0.071082 
0.502965 
0.730685 
-0.246146 
0.098668 
-0.030232 
0.005881 
-0.000208 
-0.000820 
0.010301 
-0.068172 
0.460332 
0.772421 
-0.247679 
0.098323 
-0.030002 
0.005823 
-0.000207 
-0.000788 
0.009853 
-0.064613 
0.418072 
0.811213 
-0.246301 
0.096795 
-0.029410 
0.005695 
-0.000204 
-0.000747 
0.009306 
-0.060491 
0.376389 
0.846875 
-0.241964 
0.094097 
-0.028466 
0.005499 
-0.000199 
-0.000699 
0.008672 
-0.055893 
0.335476 
0.879242 
-0.234636 
0.090255 
-0.027182 
0.005238 
-0.000191 
-0.000644 
0.007963 
-0.050902 
0.295516 
0.908172 
-0.224307 
0.085304 
-0.025574 
0.004916 
-0.000181 
-0.000583 
0.007190 
-0.045600 
0.256680 
0.933541 
-0.210986 
0.079289 
-0.023659 
0.004537 
-0.000168 
-0.000518 
0.006366 
-0.040063 
0.219125 
0.955250 
-0.194701 
0.072265 
-0.021459 
0.004104 
-0.000154 
-0.000450 
0.005501 
-0.034367 
0.182998 
0.973218 
-0.175498 
0.064297 
-0.018998 
0.003624 
-0.000137 
-0.000378 
0.004608 
-0.028584 
0.148431 
0.987390 
-0.153446 
0.055458 
-0.016303 
0.003102 
-0.000118 
-0.000304 
0.003698 
-0.022781 
0.115543 
0.997728 
-0.128627 
0.045830 
-0.013402 
0.002543 
-0.000097 
-0.000230 
0.002782 
-0.017021 
0.084439 
1.004218 
-0.101144 
0.035503 
-0.010326 
0.001954 
-0.000075 
-0.000155 
0.001869 
-0.011364 
0.055211 
1.006868 
-0.071117 
0.024574 
-0.007108 
0.001341 
-0.000052 
-0.000081 
0.000971 
-0.005864 
0.027936 
1.005705 
-0.038681 
0.013146 
-0.003781 
0.000711 
-0.000028 
-0.000008 
0.000095 
-0.000573 
0.002679 
1.000777 
-0.003987 
0.001332 
-0.000381 
0.000071 
-0.000003 
0.000062 
-0.000748 
0.004464 
-0.020510 
0.992152 
0.032798 
-0.010755 
0.003056 
-0.000572 
0.000023 
0.000130 
-0.001551 
0.009206 
-0.041594 
0.979917 
0.071496 
-0.022993 
0.006493 
-0.001210 
0.000048 
0.000194 
-0.002307 
0.013617 
-0.060552 
0.964177 
0.111913 
-0.035258 
0.009893 
-0.001838 
0.000074 
0.000254 
-0.003010 
0.017665 
-0.077373 
0.945055 
0.153846 
-0.047422 
0.013218 
-0.002448 
0.000099 
0.000309 
-0.003652 
0.021323 
-0.092060 
0.922692 
0.197080 
-0.059354 
0.016430 
-0.003033 
0.000124 
0.000358 
-0.004230 
0.024569 
-0.104629 
0.897242 
0.241390 
-0.070923 
0.019493 
-0.003587 
0.000148 
0.000403 
-0.004739 
0.027387 
-0.115108 
0.868878 
0.286545 
-0.081995 
0.022371 
-0.004102 
0.000170 
0.000441 
-0.005175 
0.029764 
-0.123536 
0.837782 
0.332304 
-0.092436 
0.025029 
-0.004573 
0.000191 
0.000473 
-0.005536 
0.031691 
-0.129964 
0.804152 
0.378424 
-0.102114 
0.027434 
-0.004995 
0.000209 
0.000498 
-0.005821 
0.033165 
-0.134453 
0.768196 
0.424655 
-0.110899 
0.029552 
-0.005361 
0.000226 
0.000517 
-0.006027 
0.034187 
-0.137075 
0.730134 
0.470744 
-0.118662 
0.031355 
-0.005666 
0.000241 
0.000529 
-0.006155 
0.034761 
-0.137910 
0.690192 
0.516438 
-0.125277 
0.032815 
-0.005907 
0.000252 
0.000535 
-0.006206 
0.034897 
-0.137046 
0.648607 
0.561481 
-0.130622 
0.033906 
-0.006079 
0.000261 
0.000534 
-0.006180 
0.034607 
-0.134583 
0.605621 
0.605621 
-0.134583 
0.034607 
-0.006180 
0.000267 
0.000527 
-0.006079 
0.033906 
-0.130622 
0.561481 
0.648607 
-0.137046 
0.034897 
-0.006206 
0.000270 
0.000513 
-0.005907 
0.032815 
-0.125277 
0.516438 
0.690192 
-0.137910 
0.034761 
-0.006155 
0.000269 
0.000493 
-0.005666 
0.031355 
-0.118662 
0.470744 
0.730134 
-0.137075 
0.034187 
-0.006027 
0.000265 
0.000467 
-0.005361 
0.029552 
-0.110899 
0.424655 
0.768196 
-0.134453 
0.033165 
-0.005821 
0.000257 
0.000436 
-0.004995 
0.027434 
-0.102114 
0.378424 
0.804152 
-0.129964 
0.031691 
-0.005536 
0.000246 
0.000400 
-0.004573 
0.025029 
-0.092436 
0.332304 
0.837782 
-0.123536 
0.029764 
-0.005175 
0.000231 
0.000360 
-0.004102 
0.022371 
-0.081995 
0.286545 
0.868878 
-0.115108 
0.027387 
-0.004739 
0.000213 
0.000315 
-0.003587 
0.019493 
-0.070923 
0.241390 
0.897242 
-0.104629 
0.024569 
-0.004230 
0.000191 
0.000267 
-0.003033 
0.016430 
-0.059354 
0.197080 
0.922692 
-0.092060 
0.021323 
-0.003652 
0.000165 
0.000216 
-0.002448 
0.013218 
-0.047422 
0.153846 
0.945055 
-0.077373 
0.017665 
-0.003010 
0.000137 
0.000163 
-0.001838 
0.009893 
-0.035258 
0.111913 
0.964177 
-0.060552 
0.013617 
-0.002307 
0.000105 
0.000107 
-0.001210 
0.006493 
-0.022993 
0.071496 
0.979917 
-0.041594 
0.009206 
-0.001551 
0.000071 
0.000051 
-0.000572 
0.003056 
-0.010755 
0.032798 
0.992152 
-0.020510 
0.004464 
-0.000748 
0.000034 
-0.000006 
0.000071 
-0.000381 
0.001332 
-0.003987 
1.000777 
0.002679 
-0.000573 
0.000095 
-0.000004 
-0.000063 
0.000711 
-0.003781 
0.013146 
-0.038681 
1.005705 
0.027936 
-0.005864 
0.000971 
-0.000045 
-0.000120 
0.001341 
-0.007108 
0.024574 
-0.071117 
1.006868 
0.055211 
-0.011364 
0.001869 
-0.000087 
-0.000175 
0.001954 
-0.010326 
0.035503 
-0.101144 
1.004218 
0.084439 
-0.017021 
0.002782 
-0.000130 
-0.000228 
0.002543 
-0.013402 
0.045830 
-0.128627 
0.997728 
0.115543 
-0.022781 
0.003698 
-0.000174 
-0.000278 
0.003102 
-0.016303 
0.055458 
-0.153446 
0.987390 
0.148431 
-0.028584 
0.004608 
-0.000218 
-0.000326 
0.003624 
-0.018998 
0.064297 
-0.175498 
0.973218 
0.182998 
-0.034367 
0.005501 
-0.000261 
-0.000369 
0.004104 
-0.021459 
0.072265 
-0.194701 
0.955250 
0.219125 
-0.040063 
0.006366 
-0.000303 
-0.000409 
0.004537 
-0.023659 
0.079289 
-0.210986 
0.933541 
0.256680 
-0.045600 
0.007190 
-0.000343 
-0.000444 
0.004916 
-0.025574 
0.085304 
-0.224307 
0.908172 
0.295516 
-0.050902 
0.007963 
-0.000381 
-0.000474 
0.005238 
-0.027182 
0.090255 
-0.234636 
0.879242 
0.335476 
-0.055893 
0.008672 
-0.000416 
-0.000498 
0.005499 
-0.028466 
0.094097 
-0.241964 
0.846875 
0.376389 
-0.060491 
0.009306 
-0.000448 
-0.000516 
0.005695 
-0.029410 
0.096795 
-0.246301 
0.811213 
0.418072 
-0.064613 
0.009853 
-0.000476 
-0.000529 
0.005823 
-0.030002 
0.098323 
-0.247679 
0.772421 
0.460332 
-0.068172 
0.010301 
-0.000499 
-0.000535 
0.005881 
-0.030232 
0.098668 
-0.246146 
0.730685 
0.502965 
-0.071082 
0.010639 
-0.000516 
-0.000534 
0.005868 
-0.030095 
0.097824 
-0.241773 
0.686208 
0.545756 
-0.073253 
0.010857 
-0.000528 
-0.000527 
0.005782 
-0.029589 
0.095799 
-0.234648 
0.639214 
0.588483 
-0.074596 
0.010943 
-0.000533 
-0.000514 
0.005623 
-0.028714 
0.092611 
-0.224880 
0.589945 
0.630914 
-0.075022 
0.010888 
-0.000532 
-0.000493 
0.005393 
-0.027477 
0.088287 
-0.212595 
0.538662 
0.672812 
-0.074440 
0.010684 
-0.000523 
-0.000466 
0.005091 
-0.025885 
0.082867 
-0.197938 
0.485639 
0.713931 
-0.072761 
0.010323 
-0.000506 
-0.000433 
0.004720 
-0.023950 
0.076399 
-0.181071 
0.431168 
0.754024 
-0.069898 
0.009797 
-0.000481 
-0.000393 
0.004283 
-0.021689 
0.068942 
-0.162171 
0.375554 
0.792836 
-0.065765 
0.009101 
-0.000447 
-0.000348 
0.003783 
-0.019119 
0.060566 
-0.141433 
0.319114 
0.830113 
-0.060279 
0.008232 
-0.000405 
-0.000297 
0.003224 
-0.016264 
0.051349 
-0.119067 
0.262176 
0.865597 
-0.053359 
0.007187 
-0.000354 
-0.000241 
0.002612 
-0.013149 
0.041378 
-0.095293 
0.205078 
0.899031 
-0.044929 
0.005964 
-0.000294 
-0.000180 
0.001951 
-0.009803 
0.030749 
-0.070348 
0.148167 
0.930160 
-0.034917 
0.004565 
-0.000225 
-0.000115 
0.001248 
-0.006257 
0.019566 
-0.044477 
0.091794 
0.958732 
-0.023258 
0.002992 
-0.000148 
-0.000047 
0.000509 
-0.002547 
0.007940 
-0.017936 
0.036314 
0.984500 
-0.009889 
0.001251 
-0.000062 
0.000024 
-0.000258 
0.001291 
-0.004013 
0.009011 
-0.017915 
1.007221 
0.005243 
-0.000651 
0.000032 
0.000097 
-0.001046 
0.005217 
-0.016168 
0.036094 
-0.070534 
1.026661 
0.022185 
-0.002705 
0.000134 
0.000171 
-0.001846 
0.009190 
-0.028398 
0.063036 
-0.121188 
1.042597 
0.040975 
-0.004897 
0.000242 
0.000246 
-0.002649 
0.013167 
-0.040570 
0.089560 
-0.169524 
1.054815 
0.061645 
-0.007214 
0.000356 
0.000321 
-0.003446 
0.017102 
-0.052549 
0.115384 
-0.215198 
1.063114 
0.084214 
-0.009636 
0.000475 
0.000394 
-0.004229 
0.020950 
-0.064199 
0.140230 
-0.257873 
1.067308 
0.108693 
-0.012144 
0.000598 
0.000465 
-0.004987 
0.024665 
-0.075380 
0.163820 
-0.297224 
1.067227 
0.135082 
-0.014713 
0.000723 
0.000533 
-0.005710 
0.028199 
-0.085955 
0.185882 
-0.332940 
1.062719 
0.163368 
-0.017316 
0.000850 
0.000597 
-0.006390 
0.031505 
-0.095786 
0.206149 
-0.364726 
1.053651 
0.193528 
-0.019922 
0.000976 
0.000657 
-0.007016 
0.034536 
-0.104740 
0.224365 
-0.392303 
1.039914 
0.225524 
-0.022498 
0.001099 
0.000710 
-0.007578 
0.037247 
-0.112683 
0.240283 
-0.415417 
1.021419 
0.259305 
-0.025007 
0.001219 
0.000757 
-0.008068 
0.039593 
-0.119491 
0.253671 
-0.433835 
0.998103 
0.294807 
-0.027407 
0.001332 
0.000796 
-0.008476 
0.041531 
-0.125043 
0.264310 
-0.447350 
0.969931 
0.331950 
-0.029654 
0.001436 
0.000826 
-0.008793 
0.043021 
-0.129227 
0.272001 
-0.455786 
0.936893 
0.370639 
-0.031699 
0.001530 
0.000848 
-0.009011 
0.044023 
-0.131937 
0.276564 
-0.458994 
0.899011 
0.410764 
-0.033492 
0.001610 
0.000859 
-0.009122 
0.044505 
-0.133080 
0.277840 
-0.456861 
0.856338 
0.452199 
-0.034977 
0.001673 
0.000860 
-0.009120 
0.044433 
-0.132572 
0.275696 
-0.449308 
0.808958 
0.494800 
-0.036094 
0.001719 
0.000849 
-0.008999 
0.043780 
-0.130343 
0.270024 
-0.436295 
0.756991 
0.538407 
-0.036781 
0.001742 
0.000827 
-0.008753 
0.042525 
-0.126336 
0.260745 
-0.417821 
0.700589 
0.582843 
-0.036971 
0.001741 
0.000792 
-0.008378 
0.040649 
-0.120509 
0.247812 
-0.393927 
0.639943 
0.627914 
-0.036596 
0.001712 
0.000745 
-0.007871 
0.038139 
-0.112836 
0.231207 
-0.364698 
0.575279 
0.673408 
-0.035582 
0.001653 
0.000685 
-0.007231 
0.034990 
-0.103310 
0.210949 
-0.330263 
0.506863 
0.719096 
-0.033854 
0.001561 
0.000612 
-0.006456 
0.031201 
-0.091939 
0.187092 
-0.290801 
0.434996 
0.764731 
-0.031331 
0.001433 
0.000526 
-0.005548 
0.026779 
-0.078755 
0.159728 
-0.246537 
0.360023 
0.810051 
-0.027933 
0.001267 
0.000428 
-0.004510 
0.021737 
-0.063807 
0.128989 
-0.197746 
0.282323 
0.854774 
-0.023575 
0.001059 
0.000318 
-0.003344 
0.016099 
-0.047166 
0.095045 
-0.144754 
0.202317 
0.898604 
-0.018170 
0.000808 
0.000196 
-0.002057 
0.009892 
-0.028927 
0.058108 
-0.087938 
0.120467 
0.941228 
-0.011631 
0.000511 
0.000063 
-0.000657 
0.003154 
-0.009205 
0.018435 
-0.027727 
0.037270 
0.982319 
-0.003867 
0.000168 
-0.000081 
0.000848 
-0.004070 
0.011859 
-0.023678 
0.035400 
-0.046737 
1.021533 
0.005212 
-0.000224 
-0.000233 
0.002447 
-0.011724 
0.034101 
-0.067889 
0.100909 
-0.130978 
1.058516 
0.015698 
-0.000664 
-0.000394 
0.004126 
-0.019746 
0.057334 
-0.113814 
0.168219 
-0.214843 
1.092899 
0.027684 
-0.001153 
-0.000561 
0.005871 
-0.028064 
0.081345 
-0.161026 
0.236695 
-0.297688 
1.124303 
0.041259 
-0.001691 
-0.000733 
0.007665 
-0.036596 
0.105899 
-0.209053 
0.305657 
-0.378833 
1.152339 
0.056514 
-0.002276 
-0.000908 
0.009489 
-0.045254 
0.130734 
-0.257384 
0.374376 
-0.457571 
1.176610 
0.073538 
-0.002905 
-0.001084 
0.011322 
-0.053939 
0.155569 
-0.305465 
0.442078 
-0.533164 
1.196714 
0.092416 
-0.003576 
-0.001260 
0.013143 
-0.062544 
0.180096 
-0.352707 
0.507947 
-0.604851 
1.212244 
0.113232 
-0.004283 
-0.001432 
0.014926 
-0.070953 
0.203988 
-0.398479 
0.571130 
-0.671849 
1.222790 
0.136062 
-0.005021 
-0.001598 
0.016646 
-0.079044 
0.226895 
-0.442119 
0.630736 
-0.733356 
1.227945 
0.160981 
-0.005782 
-0.001755 
0.018275 
-0.086687 
0.248450 
-0.482933 
0.685847 
-0.788558 
1.227305 
0.188055 
-0.006557 
-0.001902 
0.019783 
-0.093744 
0.268268 
-0.520201 
0.735515 
-0.836631 
1.220471 
0.217344 
-0.007337 
-0.002034 
0.021140 
-0.100071 
0.285948 
-0.553175 
0.778777 
-0.876750 
1.207055 
0.248900 
-0.008106 
-0.002148 
0.022314 
-0.105521 
0.301078 
-0.581094 
0.814652 
-0.908089 
1.186683 
0.282764 
-0.008852 
-0.002242 
0.023272 
-0.109941 
0.313233 
-0.603178 
0.842155 
-0.929833 
1.158996 
0.318967 
-0.009555 
-0.002312 
0.023981 
-0.113174 
0.321984 
-0.618644 
0.860301 
-0.941184 
1.123659 
0.357528 
-0.010196 
-0.002355 
0.024405 
-0.115063 
0.326897 
-0.626705 
0.868117 
-0.941366 
1.080360 
0.398450 
-0.010752 
-0.002367 
0.024510 
-0.115450 
0.327540 
-0.626583 
0.864646 
-0.929636 
1.028820 
0.441722 
-0.011196 
-0.002344 
0.024263 
-0.114177 
0.323485 
-0.617514 
0.848965 
-0.905292 
0.968794 
0.487315 
-0.011498 
-0.002285 
0.023630 
-0.111090 
0.314313 
-0.598757 
0.820190 
-0.867682 
0.900079 
0.535182 
-0.011626 
-0.002184 
0.022577 
-0.106039 
0.299624 
-0.569605 
0.777490 
-0.816216 
0.822519 
0.585254 
-0.011540 
-0.002040 
0.021072 
-0.098882 
0.279035 
-0.529398 
0.720103 
-0.750378 
0.736011 
0.637438 
-0.011199 
-0.001849 
0.019088 
-0.089487 
0.252194 
-0.477529 
0.647347 
-0.669735 
0.640513 
0.691618 
-0.010556 
-0.001609 
0.016595 
-0.077731 
0.218784 
-0.413461 
0.558636 
-0.573952 
0.536050 
0.747649 
-0.009558 
-0.001317 
0.013571 
-0.063509 
0.178528 
-0.336739 
0.453501 
-0.462808 
0.422720 
0.805355 
-0.008148 
-0.000970 
0.009995 
-0.046731 
0.131202 
-0.247008 
0.331600 
-0.336206 
0.300706 
0.864528 
-0.006262 
-0.000568 
0.005851 
-0.027332 
0.076642 
-0.144023 
0.192745 
-0.194191 
0.170280 
0.924928 
-0.003829 
-0.000110 
0.001128 
-0.005267 
0.014752 
-0.027671 
0.036919 
-0.036969 
0.031815 
0.986271 
-0.000772 
0.000406 
-0.004176 
0.019476 
-0.054483 
0.102013 
-0.135703 
0.135079 
-0.114205 
1.048238 
0.002993 
0.000979 
-0.010061 
0.046880 
-0.130986 
0.244826 
-0.324730 
0.321374 
-0.267179 
1.110461 
0.007559 
0.001608 
-0.016514 
0.076887 
-0.214580 
0.400375 
-0.529528 
0.521123 
-0.426373 
1.172527 
0.013028 
0.002292 
-0.023517 
0.109400 
-0.304969 
0.568057 
-0.749198 
0.733297 
-0.590916 
1.233973 
0.019510 
0.003027 
-0.031040 
0.144275 
-0.401730 
0.747033 
-0.982542 
0.956606 
-0.759781 
1.294279 
0.027125 
0.003809 
-0.039039 
0.181312 
-0.504295 
0.936206 
-1.228040 
1.189479 
-0.931777 
1.352868 
0.036004 
0.004634 
-0.047463 
0.220257 
-0.611937 
1.134188 
-1.483815 
1.430034 
-1.105534 
1.409103 
0.046287 
0.005494 
-0.056241 
0.260788 
-0.723753 
1.339282 
-1.747599 
1.676060 
-1.279492 
1.462277 
0.058130 
0.006382 
-0.065291 
0.302515 
-0.838649 
1.549441 
-2.016703 
1.924981 
-1.451886 
1.511615 
0.071697 
0.007288 
-0.074511 
0.344966 
-0.955317 
1.762243 
-2.287972 
2.173833 
-1.620727 
1.556266 
0.087168 
0.008199 
-0.083781 
0.387587 
-1.072219 
1.974857 
-2.557755 
2.419227 
-1.783794 
1.595301 
0.104736 
0.009103 
-0.092961 
0.429730 
-1.187566 
2.184006 
-2.821858 
2.657327 
-1.938612 
1.627702 
0.124610 
0.009983 
-0.101889 
0.470643 
-1.299297 
2.385929 
-3.075504 
2.883806 
-2.082435 
1.652367 
0.147013 
0.010820 
-0.110376 
0.509467 
-1.405052 
2.576346 
-3.313287 
3.093817 
-2.212233 
1.668095 
0.172187 
0.011595 
-0.118209 
0.545222 
-1.502153 
2.750411 
-3.529124 
3.281955 
-2.324667 
1.673585 
0.200392 
0.012282 
-0.125146 
0.576798 
-1.587574 
2.902675 
-3.716205 
3.442217 
-2.416075 
1.667432 
0.231903 
0.012855 
-0.130913 
0.602945 
-1.657919 
3.027035 
-3.866945 
3.567965 
-2.482449 
1.648116 
0.267021 
0.013284 
-0.135204 
0.622265 
-1.709390 
3.116689 
-3.972922 
3.651878 
-2.519414 
1.614000 
0.306062 
0.013534 
-0.137676 
0.633196 
-1.737757 
3.164084 
-4.024826 
3.685914 
-2.522206 
1.563320 
0.349369 
0.013568 
-0.137948 
0.634004 
-1.738330 
3.160869 
-4.012396 
3.661262 
-2.485650 
1.494183 
0.397305 
0.013344 
-0.135597 
0.622766 
-1.705926 
3.097830 
-3.924359 
3.568292 
-2.404135 
1.404555 
0.450260 
0.012815 
-0.130155 
0.597364 
-1.634833 
2.964844 
-3.748365 
3.396507 
-2.271591 
1.292257 
0.508649 
0.011931 
-0.121108 
0.555463 
-1.518774 
2.750809 
-3.470916 
3.134492 
-2.081460 
1.154956 
0.572915 
0.010634 
-0.107889 
0.494502 
-1.350872 
2.443588 
-3.077298 
2.769856 
-1.826672 
0.990159 
0.643530 
0.008863 
-0.089878 
0.411676 
-1.123609 
2.029939 
-2.551506 
2.289179 
-1.499616 
0.795200 
0.720995 
0.006551 
-0.066397 
0.303925 
-0.828787 
1.495449 
-1.876164 
1.677953 
-1.092112 
0.567239 
0.805844 
0.003624 
-0.036706 
0.167909 
-0.457481 
0.824461 
-1.032448 
0.920518 
-0.595377 
0.303247 
0.898645 
0.000000 
-0.000000 
0.000000 
-0.000000 
0.000000 
-0.000000 
0.000000 
-0.000000 
0.000000 
1.000000 
