  ВЫЧИСЛЕНИЕ ЗНАЧЕНИЙ ФУНКЦИИ Arth(x)
  с точностью eps =  0.000000100

  x[i]      f(x[i])        Погрешность   Количество
                                         слагаемых
 -0.900     -1.4722189     0.0000000881      55
 -0.600     -0.6931472     0.0000000365      14
 -0.300     -0.3095196     0.0000000121       7
  0.000      0.0000000     0.0000000000       1
  0.100      0.1003353     0.0000000143       4
  0.300      0.3095196     0.0000000121       7
  0.500      0.5493061     0.0000000221      11
  0.700      0.8673004     0.0000000479      19
  0.930      1.6583894     0.0000000914      77
  0.970      2.0922947     0.0000000890     170
  0.990      2.6466484     0.0000000904     463

  ВЫЧИСЛЕНИЕ ЗНАЧЕНИЙ ФУНКЦИИ ln(1+x)
  с точностью eps =  0.000000100

  x[i]      f(x[i])        Погрешность   Количество
                                         слагаемых
 -0.900     -2.3025840     0.0000000877     109
 -0.600     -0.9162906     0.0000000623      26
 -0.300     -0.3566749     0.0000000429      12
  0.000      0.0000000     0.0000000000       1
  0.100      0.0953102     0.0000000145       7
  0.300      0.2623643     0.0000000451      12
  0.500      0.4054651     0.0000000485      20
  0.700      0.5306283     0.0000000745      36
  0.930      0.6575200     0.0000000988     153
  0.970      0.6780336     0.0000001001     338
  0.990      0.6881346     0.0000000992     925

  ВЫЧИСЛЕНИЕ ЗНАЧЕНИЙ ФУНКЦИИ sin(x)
  с точностью eps =  0.000000100

  x[i]      f(x[i])        Погрешность   Количество
                                         слагаемых
 -0.900     -0.7833269     0.0000000126       6
 -0.600     -0.5646425     0.0000000335       5
 -0.300     -0.2955203     0.0000000454       4
  0.000      0.0000000     0.0000000000       1
  0.100      0.0998333     0.0000000837       3
  0.300      0.2955203     0.0000000454       4
  0.500      0.4794255     0.0000000061       5
  0.700      0.6442177     0.0000000006       6
  0.930      0.8016200     0.0000000188       6
  0.970      0.8248857     0.0000000315       6
  0.990      0.8360260     0.0000000406       6

  ВЫЧИСЛЕНИЕ ЗНАЧЕНИЙ ФУНКЦИИ arcsin(x)
  с точностью eps =  0.000000100

  x[i]      f(x[i])        Погрешность   Количество
                                         слагаемых
 -0.900     -1.1197692     0.0000001285      45
 -0.600     -0.6435011     0.0000000216      12
 -0.300     -0.3046927     0.0000000028       6
  0.000      0.0000000     0.0000000000       1
  0.100      0.1001674     0.0000000000       4
  0.300      0.3046927     0.0000000028       6
  0.500      0.5235988     0.0000000206       9
  0.700      0.7753974     0.0000000426      16
  0.930      1.1944124     0.0000001856      61
  0.970      1.3252296     0.0000003139     126
  0.990      1.4292530     0.0000005596     312

