0.00630499999999983 0.0108906198170719 0.121015000000051
0.00786499999999976 0.0135928036814582 0.135295000000065
0.0094299999999997 0.0162949875458445 0.148245000000078
0.0109949999999996 0.0189971714102308 0.16018000000009
0.0125599999999996 0.021699355274617 0.171320000000101
0.0141249999999995 0.0244015391390033 0.181810000000111
0.0156899999999995 0.0271037230033896 0.191755000000121
0.0172499999999999 0.0298059068677758 0.201230000000131
0.019 0.0325080907321621 0.21
0.02 0.0352102745965484 0.219
0.022 0.0379124584609346 0.227
0.023 0.0406146423253209 0.236
0.025 0.0433168261897072 0.243
0.027 0.0460190100540935 0.251
0.028 0.0487211939184797 0.259
0.03 0.051423377782866 0.266
0.031 0.0541255616472523 0.273
0.033 0.0568277455116385 0.28
0.034 0.0595299293760248 0.287
0.036 0.0622321132404111 0.293323397456597
0.038 0.0649342971047974 0.3
0.039 0.0676364809691836 0.306238370092837
0.041 0.0703386648335699 0.312520569203333
0.042 0.0730408486979562 0.318697621003041
0.044 0.0757430325623424 0.324773931986415
0.045 0.0784452164267287 0.330754446910554
0.047 0.081147400291115 0.336644461682407
0.049 0.0838495841555012 0.34244946557248
0.05 0.0865517680198875 0.348175011428496
0.052 0.0892539518842738 0.353821983850634
0.053 0.09195613574866 0.359394251560482
0.055 0.0946583196130463 0.364899515619189
0.056 0.0973605034774326 0.370334187139451
0.058 0.100062687341819 0.375706667371732
0.059 0.102764871206205 0.38101985703592
0.061 0.105467055070591 0.386269793504084
0.063 0.108169238934978 0.391464835642158
0.064 0.110871422799364 0.396606391035071
0.066 0.11357360666375 0.401696004109108
0.067 0.116275790528136 0.406735326663614
0.069 0.118977974392523 0.411726091290039
0.07 0.121680158256909 0.416672494959432
0.0720000000000001 0.124382342121295 0.421571775580861
0.0735510155729361 0.127084525985682 0.426427702250952
0.0750000000000001 0.129786709850068 0.431241719097902
0.07668233057234 0.132488893714454 0.436015078627352
0.0782489373946438 0.13519107757884 0.44074956362612
0.0798154148987774 0.137893261443227 0.44544598075799
0.081376282946186 0.140595445307613 0.450105663784859
0.0830000000000001 0.143297629171999 0.454729748733131
0.0845054063438847 0.145999813036385 0.45931933311143
0.0860000000000001 0.148701996900772 0.463875430900644
0.0876362174195776 0.151404180765158 0.46839903514099
0.0892044724933399 0.154106364629544 0.472891079971416
0.0907686335659578 0.156808548493931 0.477352467309501
0.0923319101626918 0.159510732358317 0.481784049161106
0.0939025790910849 0.162212916222703 0.486186657508072
0.0954609563668375 0.164915100087089 0.49056106061104
0.0970349666076564 0.167617283951476 0.494908041578607
0.0985915425309692 0.170319467815862 0.499228298799765
0.100161097183429 0.173021651680248 0.503522523924091
0.101723605388789 0.175723835544634 0.507791408974545
0.103288762924515 0.178426019409021 0.512035574560943
0.104857086592186 0.181128203273407 0.516255637717988
0.106417906437577 0.183830387137793 0.520452193299892
0.108 0.18653257100218 0.524625805216713
0.109548474500051 0.189234754866566 0.52877703845654
0.111119090738739 0.191936938730952 0.532906411100494
0.112680417791163 0.194639122595338 0.537014433036179
0.114247095038283 0.197341306459725 0.541101597380255
0.115813690644597 0.200043490324111 0.545168379540779
0.117384421880003 0.202745674188497 0.549215238016479
0.118948250821592 0.205447858052883 0.553242615708031
0.120515326365681 0.20815004191727 0.557250940638538
0.12207869751095 0.210852225781656 0.561240626633358
0.123646574171326 0.213554409646042 0.565212073961294
0.125212323203535 0.216256593510429 0.569165669939684
0.126777988346196 0.218958777374815 0.573101789505894
0.128343778897612 0.221660961239201 0.577020795757507
0.129909559995325 0.224363145103587 0.580923040156639
0.131475407263517 0.227065328967974 0.584808862909539
0.133040142124433 0.22976751283236 0.58867859469869
0.134607127155984 0.232469696696746 0.592532556685124
0.136173180870947 0.235171880561132 0.59637106860068
0.137739154193718 0.237874064425519 0.6001944176027
0.139305262933207 0.240576248289905 0.604002902888889
0.140871359534089 0.243278432154291 0.607796807417633
0.142437533272467 0.245980616018677 0.61157640749138
0.144003637717616 0.248682799883064 0.615341982024655
0.145569914442193 0.25138498374745 0.619093778599591
0.147136298802289 0.254087167611836 0.622832055166193
0.148702608299254 0.256789351476223 0.626557056966073
0.150269060772255 0.259491535340609 0.630269036103172
0.151835499855872 0.262193719204995 0.633968212346473
0.153402026644361 0.264895903069381 0.637654815117968
0.154968584079431 0.267598086933768 0.641329076297314
0.15653512331257 0.270300270798154 0.644991201412508
0.158101864776281 0.27300245466254 0.648641400823683
0.159668538456621 0.275704638526927 0.652279889970338
0.161235360616181 0.278406822391313 0.655906857760241
0.162802169727286 0.281109006255699 0.659522498646626
0.164369076036354 0.283811190120085 0.663127016118052
0.165936013004768 0.286513373984472 0.666720578969521
0.167503015120233 0.289215557848858 0.670303379537547
0.169070068062472 0.291917741713244 0.673875586909733
0.170637133937547 0.29461992557763 0.677437377134954
0.172204352178962 0.297322109442017 0.680988916613004
0.173771559197162 0.300024293306403 0.68453037007112
0.175338871633588 0.302726477170789 0.688061897761704
0.176906215009577 0.305428661035175 0.691583656267251
0.17847363054585 0.308130844899562 0.695095798585085
0.18004109952164 0.310833028763948 0.698598474218125
0.181608585627741 0.313535212628334 0.702091829317177
0.183176226793549 0.316237396492721 0.70557600674457
0.184743859826382 0.318939580357107 0.709051146210959
0.186311605263497 0.321641764221493 0.712517384340458
0.187879382571687 0.324343948085879 0.715974854761251
0.189447239099097 0.327046131950266 0.719423688305937
0.191015151715187 0.329748315814652 0.722864012276096
0.192583086151386 0.332450499679038 0.726295953548685
0.194151177524726 0.335152683543424 0.72971963125365
0.195719264866613 0.337854867407811 0.733135171379491
0.197287470513473 0.340557051272197 0.736542685970218
0.198855709745758 0.343259235136583 0.739942291815948
0.200424034905194 0.345961419000969 0.743334101923907
0.201992418995151 0.348663602865356 0.746718226371061
0.203560829991879 0.351365786729742 0.750094773476247
0.205129399286734 0.354067970594128 0.75346384924326
0.206697969413558 0.356770154458515 0.756825556787371
0.208266662851637 0.359472338322901 0.76018000021003
0.209835392369859 0.362174522187287 0.763527277109123
0.211404214000721 0.364876706051673 0.766867485697766
0.212973097463352 0.36757888991606 0.770200723271115
0.214542013612414 0.370281073780446 0.773527082663625
0.216111088964817 0.372983257644832 0.776846656131973
0.217680170547759 0.375685441509219 0.780159535918008
0.219249379750628 0.378387625373605 0.783465809275044
0.220818628240053 0.381089809237991 0.786765563951249
0.222387974459721 0.383791993102377 0.790058885595968
0.223957385621026 0.386494176966764 0.793345858233249
0.22552687666896 0.38919636083115 0.796626564319072
0.227096445540327 0.391898544695536 0.799901084645747
0.228666067469829 0.394600728559922 0.803169499402688
0.23023582081443 0.397302912424309 0.806431886000733
0.23180561726774 0.400005096288695 0.809688321333569
0.233375516522377 0.402707280153081 0.812938880679456
0.234945484168556 0.405409464017467 0.816183638291307
0.236515536386134 0.408111647881854 0.819422666612279
0.238085670219214 0.41081383174624 0.822656037144081
0.239655886986077 0.413516015610626 0.825883819834762
0.241226187908324 0.416218199475013 0.829106084513609
0.242796561628096 0.418920383339399 0.832322898147777
0.244367042726533 0.421622567203785 0.83553432765627
0.245937596060188 0.424324751068171 0.838740438595421
0.247508238526078 0.427026934932558 0.841941295313194
0.249078966563921 0.429729118796944 0.84513696138609
0.25064978177299 0.43243130266133 0.848327498897202
0.252220685292107 0.435133486525716 0.851512969175474
0.253791665904527 0.437835670390103 0.85469343251168
0.25536275804234 0.440537854254489 0.85786894818184
0.256933926662135 0.443240038118875 0.861039574508791
0.258505188782553 0.445942221983262 0.864205368877856
0.260076540628774 0.448644405847648 0.867366387746658
0.261647983919092 0.451346589712034 0.870522686662538
0.263219519756766 0.45404877357642 0.873674320326406
0.264791147726624 0.456750957440807 0.876821342546296
0.266362870010284 0.459453141305193 0.879963806269006
0.267934683904775 0.462155325169579 0.883101763718498
0.269506595458173 0.464857509033965 0.886235266155711
0.271078601099011 0.467559692898352 0.889364364147848
0.2726507024984 0.470261876762738 0.892489107461947
0.274222900764851 0.472964060627124 0.895609545098102
0.275795195503946 0.475666244491511 0.89872572533974
0.27736758888294 0.478368428355897 0.90183769571265
0.278940078431531 0.481070612220283 0.904945502984122
0.280512669606924 0.483772796084669 0.908049193434118
0.282085359433714 0.486474979949056 0.911148812338852
0.283658149377706 0.489177163813442 0.914244404512306
0.28523104059492 0.491879347677828 0.917336014056458
0.286804032648128 0.494581531542214 0.920423684427682
0.288377127770889 0.497283715406601 0.923507458441251
0.289950323745019 0.499985899270987 0.926587378316238
0.29152362518048 0.502688083135373 0.929663485638298
0.293097030013021 0.50539026699976 0.932735821403612
0.294670539364031 0.508092450864146 0.935804426022587
0.29624415449064 0.510794634728532 0.938869339331068
0.297817874833906 0.513496818592918 0.941930600524525
0.299391702793596 0.516199002457305 0.944988248549983
0.300965636347822 0.518901186321691 0.948042321361044
0.302539679178562 0.521603370186077 0.951092856671876
0.304113830290357 0.524305554050463 0.954139891606219
0.305688090356175 0.52700773791485 0.957183462772723
0.307262460815901 0.529709921779236 0.960223606276718
0.308836940871887 0.532412105643622 0.963260357729431
0.310411533237058 0.535114289508009 0.966293752256989
0.311986235867177 0.537816473372395 0.96932382450923
0.313561051803578 0.540518657236781 0.972350608668306
0.315135980951535 0.543220841101167 0.975374138457082
0.316711023500629 0.545923024965554 0.978394447147362
0.318286181219593 0.54862520882994 0.981411567567925
0.319861452865745 0.551327392694326 0.984425532112381
0.321436841723518 0.554029576558712 0.987436372746847
0.323012345191221 0.556731760423099 0.990444121017455
0.324587966619789 0.559433944287485 0.993448808057702
0.326163706086867 0.562136128151871 0.996450464595619
0.327739563352077 0.564838312016257 0.99944912096081
0.329315540823306 0.567540495880644 1.0024448070913
0.330891636374087 0.57024267974503 1.00543755254029
0.33246785441361 0.572944863609416 1.00842738648268
0.334044191098082 0.575647047473803 1.01141433772156
0.335620650717267 0.578349231338189 1.01439843469445
0.337197233403734 0.581051415202575 1.0173797054795
0.338773938038771 0.583753599066961 1.02035817780152
0.340350768496145 0.586455782931348 1.02333387903783
0.341927717356212 0.589157966795734 1.02630683622412
0.343504801348669 0.59186015066012 1.02927707606003
0.345082003998227 0.594562334524506 1.03224462491474
0.346659334880947 0.597264518388893 1.03520950883238
0.34823679466123 0.599966702253279 1.03817175353733
0.349814379433052 0.602668886117665 1.04113138443944
0.351392097700131 0.605371069982051 1.04408842663912
0.352969937410268 0.608073253846438 1.04704290493235
0.354547912619504 0.610775437710824 1.04999484381519
0.356126018678099 0.61347762157521 1.05294426749009
0.357704253765392 0.616179805439597 1.0558911998673
0.35928262213998 0.618881989303983 1.0588356645731
0.360861123327377 0.621584173168369 1.06177768495242
0.36243975800883 0.624286357032755 1.06471728407362
0.364018527072069 0.626988540897142 1.06765448473283
0.365597430812547 0.629690724761528 1.07058930945816
0.367176470220239 0.632392908625914 1.07352178051388
0.368755646165351 0.6350950924903 1.07645191990899
0.37033495612704 0.637797276354687 1.0793797493828
0.371914410367551 0.640499460219073 1.08230529043685
0.00291141 0.0711426 0.00503017
0.375073726869813 0.645903827947846 1.08814959203755
0.376653597147433 0.648606011812232 1.09106839435348
0.378233604360762 0.651308195676618 1.09398499179296
0.379813754753882 0.654010379541004 1.09689940465744
0.381394047181049 0.656712563405391 1.09981165300289
0.382974482360995 0.659414747269777 1.1027217566696
0.384555061341778 0.662116931134163 1.10562973527216
0.38613578449782 0.664819114998549 1.10853560820544
0.38771665047542 0.667521298862936 1.11143939465168
0.389297666659757 0.670223482727322 1.11434111356732
0.390878826842133 0.672925666591708 1.11724078371132
0.392460134867694 0.675627850456094 1.1201384236316
0.394041591097313 0.678330034320481 1.12303405167211
0.395623194420382 0.681032218184867 1.12592768597544
0.397204949002133 0.683734402049253 1.12881934448482
0.398786852989587 0.686436585913639 1.13170904494863
0.400368908350793 0.689138769778026 1.13459680492267
0.40195111524562 0.691840953642412 1.13748264177647
0.40353347441873 0.694543137506798 1.14036657268069
0.405115987298265 0.697245321371185 1.14324861463297
0.406698653840936 0.699947505235571 1.14612878444576
0.408281475378093 0.702649689099957 1.14900709875239
0.409864452312083 0.705351872964343 1.15188357400859
0.411447585593186 0.70805405682873 1.15475822649481
0.413030875947336 0.710756240693116 1.15763107232013
0.414614324013835 0.713458424557502 1.16050212742394
0.416197930845 0.716160608421889 1.16337140758129
0.417781696972445 0.718862792286275 1.16623892839204
0.419365623306709 0.721564976150661 1.16910470530445
0.420949710553882 0.724267160015047 1.17196875359382
0.422533959488973 0.726969343879434 1.17483108841291
0.424118371112612 0.72967152774382 1.17769172470233
0.425702945732609 0.732373711608206 1.18055067728621
0.427287684583628 0.735075895472592 1.18340796083027
0.42887258827891 0.737778079336979 1.18626358984015
0.43045765763981 0.740480263201365 1.18911757868426
0.432042893456362 0.743182447065751 1.19196994157404
0.433628296499008 0.745884630930137 1.19482069260834
0.435213867700039 0.748586814794524 1.19766984569404
0.436799607576922 0.75128899865891 1.20051741463119
0.43838551731205 0.753991182523296 1.20336341307558
0.439971597275742 0.756693366387683 1.20620785453729
0.441557848620399 0.759395550252069 1.20905075240185
0.443144272067385 0.762097734116455 1.21189211991858
0.44473086838561 0.764799917980841 1.2147319702034
0.446317638442215 0.767502101845228 1.21757031624328
0.447904583003822 0.770204285709614 1.22040717089984
0.449491702934553 0.772906469574 1.2232425468991
0.451078999035748 0.775608653438386 1.22607645685231
0.452666472143517 0.778310837302773 1.22890891324503
0.45425412308389 0.781013021167159 1.23173992843901
0.455841952686381 0.783715205031545 1.23456951467643
0.45742996179091 0.786417388895931 1.23739768408352
0.459018151225522 0.789119572760318 1.24022444866066
0.460606521815071 0.791821756624704 1.24304982030234
0.462195074461634 0.79452394048909 1.24587381078623
0.463783809930779 0.797226124353477 1.24869643177499
0.465372729140931 0.799928308217863 1.25151769482075
0.466961832885805 0.802630492082249 1.25433761136769
0.468551121971156 0.805332675946635 1.25715619274372
0.470140597467938 0.808034859811022 1.25997345017889
0.471730259962708 0.810737043675408 1.26278939479315
0.473320110541961 0.813439227539794 1.26560403760089
0.474910149902537 0.816141411404181 1.26841738951598
0.476500378996136 0.818843595268567 1.27122946134196
0.478090798662403 0.821545779132953 1.27404026379045
0.479681409779936 0.824247962997339 1.27684980747103
0.481272213228452 0.826950146861726 1.27965810289245
0.482863209845663 0.829652330726112 1.28246516046933
0.484454400613041 0.832354514590498 1.28527099051214
0.4860457863074 0.835056698454885 1.28807560324462
0.48763736786034 0.837758882319271 1.29087900879515
0.489229146158233 0.840461066183657 1.29368121719678
0.490821122083013 0.843163250048043 1.29648223839375
0.492413296545002 0.84586543391243 1.29928208223216
0.494005670419668 0.848567617776816 1.3020807584763
0.495598244626302 0.851269801641202 1.30487827680085
0.49719102006464 0.853971985505588 1.30767464679044
0.49878399763334 0.856674169369975 1.31046987794593
0.500377178255813 0.859376353234361 1.31326397967546
0.501970562820762 0.862078537098747 1.31605696131044
0.503564152269961 0.864780720963133 1.31884883209742
0.505157947510167 0.86748290482752 1.32163960119781
0.506751949459607 0.870185088691906 1.32442927769422
0.508346159055004 0.872887272556292 1.32721787058148
0.509940577193008 0.875589456420678 1.33000538878276
0.511535204856724 0.878291640285065 1.33279184113997
0.513130042941691 0.880993824149451 1.3355772364151
0.514725092392262 0.883696008013837 1.33836158329563
0.516320354159068 0.886398191878224 1.3411448903863
0.51791582914302 0.88910037574261 1.34392716622472
0.519511518381783 0.891802559606996 1.34670841926992
0.521107422747326 0.894504743471382 1.34948865790882
0.522703543214603 0.897206927335769 1.35226789044924
0.524299880748963 0.899909111200155 1.35504612513379
0.525896436293769 0.902611295064541 1.35782337013279
0.527493210835861 0.905313478928928 1.36059963354352
0.529090205314965 0.908015662793314 1.36337492339601
0.530687420721657 0.9107178466577 1.36614924764517
0.532284858029333 0.913420030522086 1.36892261418556
0.533882518199446 0.916122214386473 1.37169503084045
0.535480402234832 0.918824398250859 1.3744665053678
0.537078511092575 0.921526582115245 1.37723704545368
0.538676845780814 0.924228765979631 1.38000665872578
0.540275407289512 0.926930949844018 1.38277535274553
0.541874196598375 0.929633133708404 1.38554313500839
0.543473214726946 0.93233531757279 1.38831001294871
0.545072462650309 0.935037501437176 1.39107599393322
0.5466719413943 0.937739685301563 1.39384108527379
0.548271651966375 0.940441869165949 1.39660529421665
0.549871595364631 0.943144053030335 1.39936862794959
0.551471772626129 0.945846236894722 1.40213109359494
0.553072184744506 0.948548420759108 1.40489269822304
0.55467283276355 0.951250604623494 1.40765344884169
0.556273717709104 0.95395278848788 1.41041335240212
0.557874840597799 0.956654972352267 1.41317241579269
0.559476202485073 0.959357156216653 1.41593064585197
0.561077804383646 0.962059340081039 1.41868804935914
0.562679647355566 0.964761523945425 1.42144463303859
0.564281732445957 0.967463707809812 1.42420040355443
0.565884060690145 0.970165891674198 1.42695536752288
0.567486633162818 0.972868075538584 1.42970953150376
0.569089450896347 0.97557025940297 1.43246290200381
0.570692514971325 0.978272443267357 1.43521548547206
0.572295826453092 0.980974627131743 1.43796728831146
0.573899386395868 0.983676810996129 1.44071831687114
0.575503195887474 0.986378994860516 1.44346857744755
0.577107256001478 0.989081178724902 1.4462180762877
0.57871156781633 0.991783362589288 1.44896681958547
0.580316132425561 0.994485546453674 1.45171481348903
0.58192095090253 0.997187730318061 1.45446206409448
0.583526024356128 0.999889914182447 1.45720857745034
0.585131353880466 1.00259209804683 1.4599543595543
0.586736940573379 1.00529428191122 1.46269941635989
0.588342785550522 1.00799646577561 1.46544375377077
0.589948889904734 1.01069864963999 1.46818737764478
0.591555254766739 1.01340083350438 1.47093029379122
0.593161881251899 1.01610301736876 1.47367250797648
0.594768770477643 1.01880520123315 1.47641402591933
0.596375923577107 1.02150738509754 1.47915485329431
0.597983341678724 1.02420956896192 1.48189499572979
0.599591025922936 1.02691175282631 1.48463445881214
0.601198977448511 1.0296139366907 1.48737324808243
0.602807197394148 1.03231612055508 1.49011136903893
0.604415686916891 1.03501830441947 1.49284882713613
0.60602444716808 1.03772048828385 1.4955856277872
0.607633479305883 1.04042267214824 1.49832177636334
0.609242784496637 1.04312485601263 1.50105727819034
0.610852363897749 1.04582703987701 1.50379213855833
0.612462218691142 1.0485292237414 1.50652636271294
0.614072350050516 1.05123140760579 1.50925995586072
0.615682759155796 1.05393359147017 1.5119929231649
0.617293447194148 1.05663577533456 1.51472526975442
0.618904415355704 1.05933795919894 1.51745700071432
0.620515664835742 1.06204014306333 1.52018812109282
0.62212719683543 1.06474232692772 1.52291863589742
0.623739012556129 1.0674445107921 1.52564855010003
0.625351113210873 1.07014669465649 1.52837786863284
0.626963500012946 1.07284887852088 1.53110659639105
0.628576174181637 1.07555106238526 1.53383473823197
0.630189136943254 1.07825324624965 1.53656229897705
0.631802389520515 1.08095543011404 1.53928928341129
0.633415933153852 1.08365761397842 1.54201569628054
0.635029769080238 1.08635979784281 1.54474154229947
0.636643898543493 1.08906198170719 1.54746682614411
